ColorZ: 1.65 RotZ: 1.85 RNG params: trng True False
22,6,238,198,246,158,238,95,120,5,119,12,111,195,81,105,50,225,250,56,172,78,99,46,67,91,230,145,244,237,92,154,214,141,183,13,225,224,255,101,118,65,55,50,34,112,34,137,151,105,132,4,28,89,89,124,29,16,134,38,28,77,31,36,186,64,253,58,91,167,49,138,181,130,133,164,252,127,253,236,20,2,130,159,45,3,154,105,181,138,250,211,53,148,11,10,227,49,132,7,128,121,188,142,68,116,11,45,160,48,201,7,200,106,147,5,192,192,234,4,101,176,53,193,75,213,42,5,9,247,155,169,122,33,49,182,169,104,163,247,40,189,196,151,99,108,38,235,82,231,228,90,214,18,162,38,186,21,51,88,162,245,121,61,224,217,174,110,220,87,4,224,82,236,33,244,91,120,215,214,76,19,195,221,127,236,239,51,29,136,91,71,204,206,95,139,182,226,146,127,70,40,219,68,39,4,146,194,244,59,126,155,6,11,20,26,193,242,241,92,92,135,203,7,10,74,212,230,214,81,173,71,204,116,204,47,20,43,108,132,18,29,53,239,209,100,217,122,191,149,1739147476558,QBYTE | chesnokov
239,162,179,224,248,111,162,97,32,137,206,72,133,241,245,173,92,16,178,126,209,124,207,229,176,203,79,91,255,109,82,150,246,60,170,197,190,152,5,2,110,175,128,99,188,44,73,132,45,200,63,58,241,143,177,165,225,117,49,131,238,111,79,132,57,186,41,51,250,212,157,205,61,39,234,170,194,213,186,19,166,251,176,47,140,18,174,202,44,215,240,178,149,149,2,254,163,230,144,84,186,128,108,199,53,102,109,212,249,71,182,42,35,153,122,207,121,125,42,34,0,17,211,236,39,104,131,6,145,217,154,162,229,167,66,121,111,71,251,184,11,199,35,175,157,71,253,202,207,0,67,176,172,33,191,125,80,249,66,251,229,190,78,215,177,35,181,60,59,184,223,156,180,215,238,228,156,204,77,205,172,185,65,74,174,211,164,156,129,224,199,144,134,148,140,255,104,38,224,90,28,145,230,40,219,103,30,40,188,17,230,235,99,244,138,205,84,239,108,178,225,164,173,152,143,120,156,3,243,238,46,184,123,235,121,156,24,166,150,107,43,141,5,23,84,230,147,133,224,102,1739147476559,QBYTE | dematerialized
181,111,67,219,239,126,48,37,62,228,137,205,231,56,121,92,201,221,180,247,163,124,62,118,22,206,9,208,160,207,232,151,209,86,67,56,244,95,28,12,14,207,96,248,202,37,176,116,26,191,209,38,67,91,135,227,125,150,15,55,146,165,45,172,221,63,207,229,48,102,165,117,247,51,240,72,145,154,147,22,18,169,202,127,220,187,71,187,107,204,31,255,25,250,39,51,29,195,33,116,6,1,3,8,61,24,203,23,104,212,158,75,253,20,152,145,60,77,7,198,204,18,234,55,230,255,172,78,22,139,13,209,35,240,210,94,192,176,91,73,104,222,47,148,29,76,57,252,70,223,199,84,135,106,21,71,160,98,165,244,204,240,65,155,204,138,218,92,160,241,182,162,110,26,247,51,220,21,15,196,41,208,14,99,85,170,66,97,48,58,163,237,235,155,112,61,50,167,226,33,91,150,199,237,217,52,222,46,48,151,185,15,135,88,207,92,33,92,240,110,61,49,124,11,231,85,189,67,93,238,43,31,80,181,205,145,106,253,180,90,44,52,2,242,229,78,38,49,0,216,1739147477322,/dev/cu.usbmodem14201
181,111,67,219,239,126,48,37,62,228,137,205,231,56,121,92,201,221,180,247,163,124,62,118,22,206,9,208,160,207,232,151,209,86,67,56,244,95,28,12,14,207,96,248,202,37,176,116,26,191,209,38,67,91,135,227,125,150,15,55,146,165,45,172,221,63,207,229,48,102,165,117,247,51,240,72,145,154,147,22,18,169,202,127,220,187,71,187,107,204,31,255,25,250,39,51,29,195,33,116,6,1,3,8,61,24,203,23,104,212,158,75,253,20,152,145,60,77,7,198,204,18,234,55,230,255,172,78,22,139,13,209,35,240,210,94,192,176,91,73,104,222,47,148,29,76,57,252,70,223,199,84,135,106,21,71,160,98,165,244,204,240,65,155,204,138,218,92,160,241,182,162,110,26,247,51,220,21,15,196,41,208,14,99,85,170,66,97,48,58,163,237,235,155,112,61,50,167,226,33,91,150,199,237,217,52,222,46,48,151,185,15,135,88,207,92,33,92,240,110,61,49,124,11,231,85,189,67,93,238,43,31,80,181,205,145,106,253,180,90,44,52,2,242,229,78,38,49,0,216,1739147477322,QBYTE | habituation
114,1,161,31,183,150,149,146,210,131,164,6,187,174,8,239,141,96,44,212,99,209,135,214,17,252,26,156,63,168,175,204,224,217,86,31,183,214,95,240,59,211,246,243,155,231,147,64,192,167,203,0,226,156,118,206,240,187,101,159,103,224,90,171,205,45,194,8,155,219,247,94,85,214,44,102,194,87,74,170,199,118,77,229,172,189,226,237,19,216,157,225,145,199,213,172,214,172,2,190,107,245,133,19,20,94,130,133,125,82,90,131,1,167,42,11,172,36,116,162,32,174,104,232,233,109,40,146,170,245,19,52,187,31,198,206,48,6,145,230,72,237,0,23,113,137,70,94,21,112,103,116,105,13,60,78,146,14,97,185,2,178,136,249,23,28,41,57,83,112,180,115,212,217,31,102,188,125,12,10,40,223,143,38,15,187,193,21,42,63,197,216,241,147,119,36,54,146,157,16,60,85,211,238,109,215,49,167,94,211,0,58,118,62,204,69,234,218,13,8,237,58,36,40,251,74,5,44,92,88,206,111,4,155,148,60,210,193,179,104,249,26,59,96,197,93,25,57,139,165,1739147478418,/dev/cu.usbmodem14201
114,1,161,31,183,150,149,146,210,131,164,6,187,174,8,239,141,96,44,212,99,209,135,214,17,252,26,156,63,168,175,204,224,217,86,31,183,214,95,240,59,211,246,243,155,231,147,64,192,167,203,0,226,156,118,206,240,187,101,159,103,224,90,171,205,45,194,8,155,219,247,94,85,214,44,102,194,87,74,170,199,118,77,229,172,189,226,237,19,216,157,225,145,199,213,172,214,172,2,190,107,245,133,19,20,94,130,133,125,82,90,131,1,167,42,11,172,36,116,162,32,174,104,232,233,109,40,146,170,245,19,52,187,31,198,206,48,6,145,230,72,237,0,23,113,137,70,94,21,112,103,116,105,13,60,78,146,14,97,185,2,178,136,249,23,28,41,57,83,112,180,115,212,217,31,102,188,125,12,10,40,223,143,38,15,187,193,21,42,63,197,216,241,147,119,36,54,146,157,16,60,85,211,238,109,215,49,167,94,211,0,58,118,62,204,69,234,218,13,8,237,58,36,40,251,74,5,44,92,88,206,111,4,155,148,60,210,193,179,104,249,26,59,96,197,93,25,57,139,165,1739147478418,QBYTE | grubby
11,137,161,148,246,9,183,67,12,166,141,169,80,239,84,243,222,10,64,214,136,69,224,106,196,216,65,116,143,148,8,170,160,254,183,140,210,203,152,201,22,197,183,197,65,139,213,65,163,230,155,91,55,3,132,183,127,53,205,212,157,64,223,247,216,175,229,210,156,52,42,231,63,218,74,75,130,86,63,77,43,238,156,203,173,114,43,112,54,83,174,170,43,190,139,110,230,218,138,178,218,219,106,77,198,54,1,150,175,47,178,143,116,41,211,184,87,207,235,136,35,32,226,231,162,160,101,138,145,66,184,56,171,111,94,54,115,192,96,29,230,212,195,145,239,194,3,215,63,167,13,119,196,196,39,71,139,245,20,116,37,108,55,9,84,150,247,95,83,24,138,171,103,241,147,117,227,98,46,186,3,126,60,22,188,30,102,35,164,73,140,211,255,29,245,159,171,166,28,116,43,200,67,83,142,134,8,123,140,178,183,156,253,21,38,168,160,207,121,185,79,240,8,215,171,111,27,44,42,165,74,74,193,53,202,145,168,25,204,112,133,73,8,145,114,74,72,42,77,195,1739147479485,/dev/cu.usbmodem14201
11,137,161,148,246,9,183,67,12,166,141,169,80,239,84,243,222,10,64,214,136,69,224,106,196,216,65,116,143,148,8,170,160,254,183,140,210,203,152,201,22,197,183,197,65,139,213,65,163,230,155,91,55,3,132,183,127,53,205,212,157,64,223,247,216,175,229,210,156,52,42,231,63,218,74,75,130,86,63,77,43,238,156,203,173,114,43,112,54,83,174,170,43,190,139,110,230,218,138,178,218,219,106,77,198,54,1,150,175,47,178,143,116,41,211,184,87,207,235,136,35,32,226,231,162,160,101,138,145,66,184,56,171,111,94,54,115,192,96,29,230,212,195,145,239,194,3,215,63,167,13,119,196,196,39,71,139,245,20,116,37,108,55,9,84,150,247,95,83,24,138,171,103,241,147,117,227,98,46,186,3,126,60,22,188,30,102,35,164,73,140,211,255,29,245,159,171,166,28,116,43,200,67,83,142,134,8,123,140,178,183,156,253,21,38,168,160,207,121,185,79,240,8,215,171,111,27,44,42,165,74,74,193,53,202,145,168,25,204,112,133,73,8,145,114,74,72,42,77,195,1739147479485,QBYTE | mandarin
231,53,220,192,110,100,20,22,29,95,143,85,56,71,0,221,14,32,183,132,242,97,22,83,241,94,159,67,250,99,195,157,189,166,233,212,237,18,157,97,210,228,56,43,39,68,60,242,223,190,81,71,116,159,60,61,31,202,93,248,213,216,95,170,81,36,182,193,172,1,7,83,255,238,165,218,157,137,84,139,16,165,12,122,152,96,188,213,69,71,74,106,53,139,46,49,127,250,179,56,108,8,67,149,223,211,48,197,240,91,204,11,160,225,18,98,176,161,67,58,77,225,129,198,190,142,202,206,26,25,198,99,103,243,240,205,8,166,181,104,180,44,187,87,175,254,13,29,242,28,132,187,56,48,221,93,111,129,158,76,46,149,101,115,55,30,194,76,160,187,104,98,160,185,85,186,15,38,37,216,77,17,115,52,232,125,8,186,166,27,188,221,113,151,20,141,41,214,217,85,101,31,131,39,154,214,111,71,69,3,20,211,251,69,232,246,242,69,142,98,97,243,131,40,200,87,212,149,178,169,232,143,152,152,234,145,176,217,71,251,75,225,38,163,222,150,145,54,195,242,1739147480555,/dev/cu.usbmodem14201
231,53,220,192,110,100,20,22,29,95,143,85,56,71,0,221,14,32,183,132,242,97,22,83,241,94,159,67,250,99,195,157,189,166,233,212,237,18,157,97,210,228,56,43,39,68,60,242,223,190,81,71,116,159,60,61,31,202,93,248,213,216,95,170,81,36,182,193,172,1,7,83,255,238,165,218,157,137,84,139,16,165,12,122,152,96,188,213,69,71,74,106,53,139,46,49,127,250,179,56,108,8,67,149,223,211,48,197,240,91,204,11,160,225,18,98,176,161,67,58,77,225,129,198,190,142,202,206,26,25,198,99,103,243,240,205,8,166,181,104,180,44,187,87,175,254,13,29,242,28,132,187,56,48,221,93,111,129,158,76,46,149,101,115,55,30,194,76,160,187,104,98,160,185,85,186,15,38,37,216,77,17,115,52,232,125,8,186,166,27,188,221,113,151,20,141,41,214,217,85,101,31,131,39,154,214,111,71,69,3,20,211,251,69,232,246,242,69,142,98,97,243,131,40,200,87,212,149,178,169,232,143,152,152,234,145,176,217,71,251,75,225,38,163,222,150,145,54,195,242,1739147480555,QBYTE | conover
32,29,118,33,218,131,77,43,202,203,161,140,203,221,8,86,72,23,57,206,8,40,174,70,26,194,129,250,244,115,39,27,175,136,56,217,90,1,212,4,241,139,186,82,6,16,43,129,86,197,244,142,78,200,206,205,189,196,12,82,134,2,241,229,27,195,230,32,208,146,49,125,9,252,52,123,217,236,255,248,98,81,27,133,9,95,188,151,38,109,133,164,62,192,107,167,141,100,16,233,191,118,156,79,32,244,72,134,182,135,85,36,180,196,154,144,44,169,232,180,143,2,145,71,132,253,203,239,46,41,123,49,133,237,77,233,155,193,220,101,163,181,32,195,222,51,241,22,32,214,27,215,155,184,91,175,239,241,13,145,31,77,127,193,188,87,88,46,247,67,91,13,157,153,194,239,53,248,115,117,60,254,152,110,98,61,108,221,72,232,117,179,172,240,95,239,197,4,188,199,53,55,15,210,204,247,200,57,32,179,222,10,87,58,109,255,119,202,231,127,48,48,173,80,174,153,181,170,23,17,46,242,177,40,129,140,46,197,194,162,48,78,149,7,26,128,45,128,207,253,1739147481624,/dev/cu.usbmodem14201
32,29,118,33,218,131,77,43,202,203,161,140,203,221,8,86,72,23,57,206,8,40,174,70,26,194,129,250,244,115,39,27,175,136,56,217,90,1,212,4,241,139,186,82,6,16,43,129,86,197,244,142,78,200,206,205,189,196,12,82,134,2,241,229,27,195,230,32,208,146,49,125,9,252,52,123,217,236,255,248,98,81,27,133,9,95,188,151,38,109,133,164,62,192,107,167,141,100,16,233,191,118,156,79,32,244,72,134,182,135,85,36,180,196,154,144,44,169,232,180,143,2,145,71,132,253,203,239,46,41,123,49,133,237,77,233,155,193,220,101,163,181,32,195,222,51,241,22,32,214,27,215,155,184,91,175,239,241,13,145,31,77,127,193,188,87,88,46,247,67,91,13,157,153,194,239,53,248,115,117,60,254,152,110,98,61,108,221,72,232,117,179,172,240,95,239,197,4,188,199,53,55,15,210,204,247,200,57,32,179,222,10,87,58,109,255,119,202,231,127,48,48,173,80,174,153,181,170,23,17,46,242,177,40,129,140,46,197,194,162,48,78,149,7,26,128,45,128,207,253,1739147481624,QBYTE | ground-launched
136,63,49,230,127,17,219,148,51,16,55,70,188,146,133,221,46,152,67,128,103,10,47,211,29,125,147,180,126,180,20,64,152,71,255,130,86,215,176,79,107,180,41,245,12,58,95,102,154,179,189,194,86,54,104,84,163,171,111,90,159,136,182,207,2,154,254,136,14,18,95,113,204,17,91,160,126,241,36,81,50,58,230,146,183,81,82,254,109,59,194,104,57,186,58,222,201,181,246,154,47,226,31,96,14,251,12,90,164,197,188,23,162,58,146,229,254,53,175,249,4,247,250,24,59,247,138,82,97,41,7,240,147,8,57,128,88,132,161,41,132,31,186,25,160,216,238,116,59,91,99,135,60,169,55,162,147,60,119,62,138,150,37,228,173,213,2,13,159,196,248,144,93,160,111,237,160,163,58,17,47,39,157,105,56,197,154,81,134,63,0,213,176,30,53,3,96,96,70,157,40,207,182,154,253,125,35,249,255,181,108,172,41,76,163,98,232,87,25,59,139,251,72,216,101,64,101,184,236,25,251,28,219,220,20,3,83,133,73,8,197,124,13,227,92,83,12,170,255,162,1739147482690,/dev/cu.usbmodem14201
136,63,49,230,127,17,219,148,51,16,55,70,188,146,133,221,46,152,67,128,103,10,47,211,29,125,147,180,126,180,20,64,152,71,255,130,86,215,176,79,107,180,41,245,12,58,95,102,154,179,189,194,86,54,104,84,163,171,111,90,159,136,182,207,2,154,254,136,14,18,95,113,204,17,91,160,126,241,36,81,50,58,230,146,183,81,82,254,109,59,194,104,57,186,58,222,201,181,246,154,47,226,31,96,14,251,12,90,164,197,188,23,162,58,146,229,254,53,175,249,4,247,250,24,59,247,138,82,97,41,7,240,147,8,57,128,88,132,161,41,132,31,186,25,160,216,238,116,59,91,99,135,60,169,55,162,147,60,119,62,138,150,37,228,173,213,2,13,159,196,248,144,93,160,111,237,160,163,58,17,47,39,157,105,56,197,154,81,134,63,0,213,176,30,53,3,96,96,70,157,40,207,182,154,253,125,35,249,255,181,108,172,41,76,163,98,232,87,25,59,139,251,72,216,101,64,101,184,236,25,251,28,219,220,20,3,83,133,73,8,197,124,13,227,92,83,12,170,255,162,1739147482690,QBYTE | maglione
103,133,236,154,177,10,35,14,133,191,222,232,177,175,156,164,177,69,185,80,21,210,39,2,87,26,70,156,224,233,254,76,119,26,209,36,242,93,19,167,197,129,190,14,55,224,64,155,232,157,204,42,114,108,87,131,7,165,39,170,36,14,155,139,168,206,33,85,234,1,28,158,195,124,15,194,32,240,195,93,97,198,41,236,183,90,25,192,39,252,39,235,45,5,69,146,114,22,189,88,146,32,26,99,10,93,164,246,139,93,148,164,214,56,191,123,211,215,68,24,95,4,99,8,124,143,200,25,27,112,236,22,62,130,191,52,85,226,215,126,63,136,83,217,227,73,192,122,106,107,148,70,153,142,146,195,72,57,163,148,227,102,37,211,101,227,40,4,228,11,134,140,87,217,152,249,109,110,73,214,77,132,245,154,247,93,30,166,89,235,20,54,135,255,128,64,160,24,3,102,169,39,71,183,117,16,161,234,124,88,3,39,237,51,230,116,93,204,64,61,75,89,73,185,174,203,230,226,63,164,105,96,217,252,97,220,62,126,85,82,161,206,226,104,88,82,77,111,174,204,1739147485611,/dev/cu.usbmodem14201
103,133,236,154,177,10,35,14,133,191,222,232,177,175,156,164,177,69,185,80,21,210,39,2,87,26,70,156,224,233,254,76,119,26,209,36,242,93,19,167,197,129,190,14,55,224,64,155,232,157,204,42,114,108,87,131,7,165,39,170,36,14,155,139,168,206,33,85,234,1,28,158,195,124,15,194,32,240,195,93,97,198,41,236,183,90,25,192,39,252,39,235,45,5,69,146,114,22,189,88,146,32,26,99,10,93,164,246,139,93,148,164,214,56,191,123,211,215,68,24,95,4,99,8,124,143,200,25,27,112,236,22,62,130,191,52,85,226,215,126,63,136,83,217,227,73,192,122,106,107,148,70,153,142,146,195,72,57,163,148,227,102,37,211,101,227,40,4,228,11,134,140,87,217,152,249,109,110,73,214,77,132,245,154,247,93,30,166,89,235,20,54,135,255,128,64,160,24,3,102,169,39,71,183,117,16,161,234,124,88,3,39,237,51,230,116,93,204,64,61,75,89,73,185,174,203,230,226,63,164,105,96,217,252,97,220,62,126,85,82,161,206,226,104,88,82,77,111,174,204,1739147485611,QBYTE | casseroles
244,115,9,250,29,96,85,180,191,171,21,234,141,92,38,25,10,202,221,230,110,6,206,102,249,209,234,145,238,91,162,73,249,30,78,234,100,155,15,166,97,30,58,244,221,113,158,72,110,126,147,159,202,6,133,58,78,166,94,35,156,18,178,22,142,203,199,51,211,50,94,123,249,64,126,134,167,19,218,7,220,141,68,217,131,225,156,160,0,254,134,7,106,192,212,91,15,147,89,114,89,15,236,169,213,164,123,230,114,171,54,136,160,193,247,248,121,129,144,235,249,171,161,83,85,121,102,67,78,58,116,22,247,148,237,105,49,226,93,138,211,166,160,179,187,109,55,180,193,219,86,193,151,160,16,150,48,140,65,27,198,52,51,71,218,184,11,189,123,22,66,38,131,15,167,204,66,152,151,207,165,73,17,137,164,98,31,126,126,4,78,171,192,32,145,187,89,144,116,203,128,159,199,144,79,16,192,87,209,72,244,208,39,157,22,233,163,34,177,165,209,126,83,152,97,105,216,225,43,118,25,89,253,26,107,187,180,25,9,195,238,225,161,14,129,148,228,155,65,151,1739147486689,/dev/cu.usbmodem14201
244,115,9,250,29,96,85,180,191,171,21,234,141,92,38,25,10,202,221,230,110,6,206,102,249,209,234,145,238,91,162,73,249,30,78,234,100,155,15,166,97,30,58,244,221,113,158,72,110,126,147,159,202,6,133,58,78,166,94,35,156,18,178,22,142,203,199,51,211,50,94,123,249,64,126,134,167,19,218,7,220,141,68,217,131,225,156,160,0,254,134,7,106,192,212,91,15,147,89,114,89,15,236,169,213,164,123,230,114,171,54,136,160,193,247,248,121,129,144,235,249,171,161,83,85,121,102,67,78,58,116,22,247,148,237,105,49,226,93,138,211,166,160,179,187,109,55,180,193,219,86,193,151,160,16,150,48,140,65,27,198,52,51,71,218,184,11,189,123,22,66,38,131,15,167,204,66,152,151,207,165,73,17,137,164,98,31,126,126,4,78,171,192,32,145,187,89,144,116,203,128,159,199,144,79,16,192,87,209,72,244,208,39,157,22,233,163,34,177,165,209,126,83,152,97,105,216,225,43,118,25,89,253,26,107,187,180,25,9,195,238,225,161,14,129,148,228,155,65,151,1739147486690,QBYTE | clinicopathologic
217,51,189,77,172,125,134,192,9,25,86,208,222,62,151,82,140,194,29,90,219,51,116,178,229,121,85,74,105,98,153,171,161,86,81,85,115,199,106,240,95,203,247,175,149,196,225,129,135,75,217,131,211,167,236,150,1,14,249,136,116,53,158,190,171,41,44,136,180,77,39,209,54,92,251,82,242,50,160,112,53,212,111,170,119,65,131,113,189,84,150,106,197,238,206,236,186,68,5,183,183,17,235,117,76,83,110,176,237,132,151,127,44,75,17,170,24,189,10,66,195,213,247,193,175,41,41,113,249,222,70,175,224,31,40,143,48,211,61,80,231,229,105,119,216,168,31,166,34,202,7,35,2,242,41,49,138,84,160,86,171,40,117,206,199,107,171,162,1,158,220,38,187,169,30,127,121,182,18,205,247,236,8,172,114,213,49,161,225,135,153,242,152,101,224,31,151,14,34,219,22,211,171,229,0,169,68,135,54,224,17,254,160,197,14,76,225,213,173,11,191,176,83,116,213,46,252,234,196,164,45,119,158,62,161,7,187,38,197,246,56,126,65,136,40,176,108,1,56,252,1739147487760,/dev/cu.usbmodem14201
217,51,189,77,172,125,134,192,9,25,86,208,222,62,151,82,140,194,29,90,219,51,116,178,229,121,85,74,105,98,153,171,161,86,81,85,115,199,106,240,95,203,247,175,149,196,225,129,135,75,217,131,211,167,236,150,1,14,249,136,116,53,158,190,171,41,44,136,180,77,39,209,54,92,251,82,242,50,160,112,53,212,111,170,119,65,131,113,189,84,150,106,197,238,206,236,186,68,5,183,183,17,235,117,76,83,110,176,237,132,151,127,44,75,17,170,24,189,10,66,195,213,247,193,175,41,41,113,249,222,70,175,224,31,40,143,48,211,61,80,231,229,105,119,216,168,31,166,34,202,7,35,2,242,41,49,138,84,160,86,171,40,117,206,199,107,171,162,1,158,220,38,187,169,30,127,121,182,18,205,247,236,8,172,114,213,49,161,225,135,153,242,152,101,224,31,151,14,34,219,22,211,171,229,0,169,68,135,54,224,17,254,160,197,14,76,225,213,173,11,191,176,83,116,213,46,252,234,196,164,45,119,158,62,161,7,187,38,197,246,56,126,65,136,40,176,108,1,56,252,1739147487760,QBYTE | coble
83,229,117,136,130,42,154,207,203,59,20,202,61,64,241,174,107,247,56,76,80,51,248,0,85,82,141,134,43,218,140,147,244,67,189,8,22,25,103,57,62,98,159,68,175,174,221,74,67,9,101,181,39,244,56,155,165,88,223,83,83,207,77,185,233,93,185,181,135,47,186,96,59,86,135,164,46,214,79,199,16,65,213,125,216,102,68,0,54,217,94,171,190,103,79,170,62,35,167,232,36,17,79,24,53,143,78,121,8,218,40,49,192,12,236,248,243,147,154,241,11,75,242,28,135,249,253,215,29,34,97,185,183,108,81,4,186,110,87,138,129,84,154,142,120,162,31,214,126,119,157,65,11,211,168,196,245,208,167,76,78,237,231,0,205,218,27,194,252,225,78,177,177,68,78,18,243,203,40,17,17,68,208,52,155,237,127,18,210,80,34,8,86,83,160,103,97,157,33,7,98,204,40,129,136,228,165,164,140,58,88,96,34,27,169,48,162,194,106,241,199,204,83,33,34,118,112,45,163,7,171,106,104,6,53,18,59,190,224,251,213,134,62,165,131,141,233,126,94,252,1739147488828,/dev/cu.usbmodem14201
83,229,117,136,130,42,154,207,203,59,20,202,61,64,241,174,107,247,56,76,80,51,248,0,85,82,141,134,43,218,140,147,244,67,189,8,22,25,103,57,62,98,159,68,175,174,221,74,67,9,101,181,39,244,56,155,165,88,223,83,83,207,77,185,233,93,185,181,135,47,186,96,59,86,135,164,46,214,79,199,16,65,213,125,216,102,68,0,54,217,94,171,190,103,79,170,62,35,167,232,36,17,79,24,53,143,78,121,8,218,40,49,192,12,236,248,243,147,154,241,11,75,242,28,135,249,253,215,29,34,97,185,183,108,81,4,186,110,87,138,129,84,154,142,120,162,31,214,126,119,157,65,11,211,168,196,245,208,167,76,78,237,231,0,205,218,27,194,252,225,78,177,177,68,78,18,243,203,40,17,17,68,208,52,155,237,127,18,210,80,34,8,86,83,160,103,97,157,33,7,98,204,40,129,136,228,165,164,140,58,88,96,34,27,169,48,162,194,106,241,199,204,83,33,34,118,112,45,163,7,171,106,104,6,53,18,59,190,224,251,213,134,62,165,131,141,233,126,94,252,1739147488829,QBYTE | implausible
238,36,105,152,7,76,56,193,108,150,235,226,63,81,125,187,119,185,224,151,153,143,129,141,76,233,136,158,229,55,134,149,92,5,57,78,120,143,187,44,183,13,251,76,87,173,25,17,155,240,183,183,235,168,97,125,222,226,125,122,173,102,59,7,95,121,110,248,103,155,98,202,185,110,118,0,194,99,66,68,102,120,247,91,221,35,124,208,172,126,251,139,72,132,88,182,103,250,165,58,224,37,21,254,132,118,154,213,190,133,90,71,245,170,102,91,85,42,73,71,166,82,146,213,227,1,165,242,98,198,203,70,3,252,53,251,100,151,111,144,178,33,26,244,254,214,190,187,9,172,220,65,225,77,32,1,67,173,211,95,188,145,58,209,36,26,175,183,211,30,235,239,121,157,170,55,116,205,19,154,157,37,217,217,123,92,180,178,4,139,124,243,225,198,101,74,202,180,150,137,223,107,203,72,203,3,70,200,99,14,248,54,24,207,157,28,123,193,163,126,88,94,126,212,23,213,194,1,27,25,177,50,204,56,181,135,23,22,111,33,165,97,171,119,63,8,227,163,22,214,1739147489900,/dev/cu.usbmodem14201
238,36,105,152,7,76,56,193,108,150,235,226,63,81,125,187,119,185,224,151,153,143,129,141,76,233,136,158,229,55,134,149,92,5,57,78,120,143,187,44,183,13,251,76,87,173,25,17,155,240,183,183,235,168,97,125,222,226,125,122,173,102,59,7,95,121,110,248,103,155,98,202,185,110,118,0,194,99,66,68,102,120,247,91,221,35,124,208,172,126,251,139,72,132,88,182,103,250,165,58,224,37,21,254,132,118,154,213,190,133,90,71,245,170,102,91,85,42,73,71,166,82,146,213,227,1,165,242,98,198,203,70,3,252,53,251,100,151,111,144,178,33,26,244,254,214,190,187,9,172,220,65,225,77,32,1,67,173,211,95,188,145,58,209,36,26,175,183,211,30,235,239,121,157,170,55,116,205,19,154,157,37,217,217,123,92,180,178,4,139,124,243,225,198,101,74,202,180,150,137,223,107,203,72,203,3,70,200,99,14,248,54,24,207,157,28,123,193,163,126,88,94,126,212,23,213,194,1,27,25,177,50,204,56,181,135,23,22,111,33,165,97,171,119,63,8,227,163,22,214,1739147489900,QBYTE | herbivorous
rotation
141,82,107,126,193,157,20,132,235,186,180,36,16,8,1,207,144,9,206,34,46,253,142,170,92,252,45,120,255,172,164,30,215,137,240,147,10,58,69,244,43,180,86,96,193,63,107,98,30,111,77,136,72,122,190,243,207,218,228,8,250,167,152,22,214,120,157,76,53,112,125,246,201,107,23,202,148,38,138,220,106,38,149,20,146,136,125,252,88,19,50,174,12,136,138,147,10,142,197,1,75,233,24,242,117,117,55,169,218,245,254,24,142,162,27,79,13,51,112,91,110,10,25,168,98,147,131,6,84,139,237,2,99,66,243,62,104,223,200,194,18,2,218,189,237,5,50,92,244,142,36,196,48,104,160,214,1,207,46,231,30,219,58,26,212,68,100,45,103,106,106,250,198,137,215,137,232,85,12,164,254,230,0,190,135,74,24,179,144,226,90,117,88,56,2,247,180,9,209,131,83,106,38,63,118,149,12,36,107,184,197,114,143,147,59,179,47,227,185,2,126,233,229,10,179,84,172,11,150,238,250,206,37,4,135,10,146,13,229,107,144,224,116,78,114,29,51,125,231,72,1739147490976,/dev/cu.usbmodem14201
141,82,107,126,193,157,20,132,235,186,180,36,16,8,1,207,144,9,206,34,46,253,142,170,92,252,45,120,255,172,164,30,215,137,240,147,10,58,69,244,43,180,86,96,193,63,107,98,30,111,77,136,72,122,190,243,207,218,228,8,250,167,152,22,214,120,157,76,53,112,125,246,201,107,23,202,148,38,138,220,106,38,149,20,146,136,125,252,88,19,50,174,12,136,138,147,10,142,197,1,75,233,24,242,117,117,55,169,218,245,254,24,142,162,27,79,13,51,112,91,110,10,25,168,98,147,131,6,84,139,237,2,99,66,243,62,104,223,200,194,18,2,218,189,237,5,50,92,244,142,36,196,48,104,160,214,1,207,46,231,30,219,58,26,212,68,100,45,103,106,106,250,198,137,215,137,232,85,12,164,254,230,0,190,135,74,24,179,144,226,90,117,88,56,2,247,180,9,209,131,83,106,38,63,118,149,12,36,107,184,197,114,143,147,59,179,47,227,185,2,126,233,229,10,179,84,172,11,150,238,250,206,37,4,135,10,146,13,229,107,144,224,116,78,114,29,51,125,231,72,1739147490976,QBYTE | waveney
62,95,167,68,107,140,16,128,151,222,73,3,42,52,202,86,120,63,91,104,68,43,56,57,169,85,31,60,164,178,84,0,46,124,122,162,101,244,104,97,247,172,162,29,136,116,35,251,98,111,158,120,206,184,28,75,246,116,119,129,203,8,151,18,191,51,61,24,150,231,87,47,1,177,101,58,72,35,80,90,89,231,142,54,113,220,179,173,22,223,226,18,81,130,23,22,214,112,189,66,118,123,216,53,245,65,146,53,65,34,184,81,17,8,187,160,244,240,138,203,31,194,155,240,46,60,177,137,182,216,217,0,81,112,63,167,69,118,2,179,233,194,144,217,196,179,28,197,144,206,233,208,39,17,117,113,16,28,40,73,253,246,158,136,84,201,23,134,234,223,206,117,103,87,204,224,163,21,140,77,180,154,100,143,105,69,29,48,192,250,60,232,44,16,229,86,21,166,92,147,193,1,122,30,59,121,144,239,181,212,214,172,75,198,93,152,168,59,2,189,144,237,128,153,112,80,196,233,23,61,28,155,200,155,241,161,28,99,243,156,1,57,147,67,32,71,207,139,201,69,1739147492046,/dev/cu.usbmodem14201
62,95,167,68,107,140,16,128,151,222,73,3,42,52,202,86,120,63,91,104,68,43,56,57,169,85,31,60,164,178,84,0,46,124,122,162,101,244,104,97,247,172,162,29,136,116,35,251,98,111,158,120,206,184,28,75,246,116,119,129,203,8,151,18,191,51,61,24,150,231,87,47,1,177,101,58,72,35,80,90,89,231,142,54,113,220,179,173,22,223,226,18,81,130,23,22,214,112,189,66,118,123,216,53,245,65,146,53,65,34,184,81,17,8,187,160,244,240,138,203,31,194,155,240,46,60,177,137,182,216,217,0,81,112,63,167,69,118,2,179,233,194,144,217,196,179,28,197,144,206,233,208,39,17,117,113,16,28,40,73,253,246,158,136,84,201,23,134,234,223,206,117,103,87,204,224,163,21,140,77,180,154,100,143,105,69,29,48,192,250,60,232,44,16,229,86,21,166,92,147,193,1,122,30,59,121,144,239,181,212,214,172,75,198,93,152,168,59,2,189,144,237,128,153,112,80,196,233,23,61,28,155,200,155,241,161,28,99,243,156,1,57,147,67,32,71,207,139,201,69,1739147492046,QBYTE | djindjic
color change,0.240517,3,136,114,114,6.960492
155,98,86,215,76,219,247,187,41,25,45,104,102,41,136,185,147,122,204,12,252,182,39,105,52,188,180,153,13,194,161,123,228,158,252,52,138,148,6,26,12,79,87,91,94,126,184,2,210,193,62,13,244,123,173,118,126,7,41,77,104,94,17,108,166,22,50,27,16,150,172,203,194,207,139,20,49,164,254,40,61,182,177,65,83,109,184,150,16,123,215,156,214,144,67,95,14,61,122,233,63,238,188,111,21,10,90,15,223,121,132,150,179,30,111,86,44,146,203,254,170,23,95,211,58,40,126,185,203,209,217,108,113,111,217,26,150,221,8,7,152,138,144,78,36,233,198,231,77,130,243,33,21,137,66,111,181,224,123,71,70,15,136,31,108,38,70,84,246,136,55,154,135,119,138,255,198,39,172,57,221,183,121,244,4,99,195,146,196,111,53,201,13,33,74,172,199,209,179,79,114,226,94,69,201,138,160,238,167,21,188,5,49,33,246,28,152,236,202,106,240,208,116,240,211,62,57,232,157,115,158,177,74,217,2,233,226,222,165,249,68,234,68,59,99,153,19,76,46,35,1739147493288,/dev/cu.usbmodem14201
155,98,86,215,76,219,247,187,41,25,45,104,102,41,136,185,147,122,204,12,252,182,39,105,52,188,180,153,13,194,161,123,228,158,252,52,138,148,6,26,12,79,87,91,94,126,184,2,210,193,62,13,244,123,173,118,126,7,41,77,104,94,17,108,166,22,50,27,16,150,172,203,194,207,139,20,49,164,254,40,61,182,177,65,83,109,184,150,16,123,215,156,214,144,67,95,14,61,122,233,63,238,188,111,21,10,90,15,223,121,132,150,179,30,111,86,44,146,203,254,170,23,95,211,58,40,126,185,203,209,217,108,113,111,217,26,150,221,8,7,152,138,144,78,36,233,198,231,77,130,243,33,21,137,66,111,181,224,123,71,70,15,136,31,108,38,70,84,246,136,55,154,135,119,138,255,198,39,172,57,221,183,121,244,4,99,195,146,196,111,53,201,13,33,74,172,199,209,179,79,114,226,94,69,201,138,160,238,167,21,188,5,49,33,246,28,152,236,202,106,240,208,116,240,211,62,57,232,157,115,158,177,74,217,2,233,226,222,165,249,68,234,68,59,99,153,19,76,46,35,1739147493288,QBYTE | sakhalin
0,138,250,0,166,92,200,216,140,21,46,82,97,151,140,231,198,243,248,238,43,14,76,231,211,184,74,116,134,27,47,168,166,212,84,64,185,92,229,139,138,234,140,184,65,78,149,61,69,232,124,214,74,132,99,195,91,147,83,163,58,109,17,140,60,43,192,216,56,13,115,84,196,3,223,16,171,48,96,245,127,237,113,162,39,63,173,107,82,188,208,216,251,187,113,10,7,244,99,114,180,113,138,147,1,235,17,99,61,106,5,154,165,70,236,106,89,181,198,129,168,169,192,217,27,23,202,214,163,203,137,68,116,159,54,35,59,18,169,161,100,155,148,52,243,186,32,225,25,157,71,101,42,255,191,10,176,125,59,52,153,134,179,121,4,41,164,75,200,245,133,135,240,18,154,113,128,129,81,26,8,212,4,223,231,185,193,175,35,138,117,151,214,185,23,9,191,243,29,234,139,88,240,220,52,28,218,204,55,123,85,225,15,244,179,68,54,243,217,39,122,30,210,99,118,213,103,134,48,42,234,122,18,240,169,19,226,178,48,207,221,89,205,73,170,47,142,30,254,18,1739147494829,/dev/cu.usbmodem14201
0,138,250,0,166,92,200,216,140,21,46,82,97,151,140,231,198,243,248,238,43,14,76,231,211,184,74,116,134,27,47,168,166,212,84,64,185,92,229,139,138,234,140,184,65,78,149,61,69,232,124,214,74,132,99,195,91,147,83,163,58,109,17,140,60,43,192,216,56,13,115,84,196,3,223,16,171,48,96,245,127,237,113,162,39,63,173,107,82,188,208,216,251,187,113,10,7,244,99,114,180,113,138,147,1,235,17,99,61,106,5,154,165,70,236,106,89,181,198,129,168,169,192,217,27,23,202,214,163,203,137,68,116,159,54,35,59,18,169,161,100,155,148,52,243,186,32,225,25,157,71,101,42,255,191,10,176,125,59,52,153,134,179,121,4,41,164,75,200,245,133,135,240,18,154,113,128,129,81,26,8,212,4,223,231,185,193,175,35,138,117,151,214,185,23,9,191,243,29,234,139,88,240,220,52,28,218,204,55,123,85,225,15,244,179,68,54,243,217,39,122,30,210,99,118,213,103,134,48,42,234,122,18,240,169,19,226,178,48,207,221,89,205,73,170,47,142,30,254,18,1739147494830,QBYTE | reheating
122,46,209,0,209,40,54,109,184,172,214,166,250,192,196,220,31,128,248,131,187,182,213,192,52,38,122,41,69,248,142,29,172,244,79,71,208,20,65,212,164,147,233,24,93,88,124,44,104,165,160,60,100,245,39,144,73,109,193,197,216,48,114,115,75,1,239,85,75,182,247,140,249,124,27,64,126,239,211,178,40,235,87,24,63,15,232,115,200,97,6,3,254,208,231,142,147,25,205,243,108,115,76,97,249,189,217,209,236,165,235,15,41,65,152,224,201,128,89,21,210,247,204,247,173,162,172,176,136,253,56,127,195,228,128,86,95,170,211,145,185,118,76,152,49,89,71,118,89,42,251,58,118,46,197,67,119,21,249,158,94,167,227,38,248,34,1,202,233,15,144,137,184,40,189,133,42,71,112,39,40,53,197,145,210,61,37,151,232,158,98,85,242,249,128,189,80,8,102,228,145,2,23,139,41,186,136,3,225,51,209,225,105,76,153,178,2,25,85,17,142,246,238,208,72,227,166,199,96,196,86,159,220,145,103,208,35,158,125,126,221,185,235,95,242,240,24,19,226,124,1739147495906,/dev/cu.usbmodem14201
122,46,209,0,209,40,54,109,184,172,214,166,250,192,196,220,31,128,248,131,187,182,213,192,52,38,122,41,69,248,142,29,172,244,79,71,208,20,65,212,164,147,233,24,93,88,124,44,104,165,160,60,100,245,39,144,73,109,193,197,216,48,114,115,75,1,239,85,75,182,247,140,249,124,27,64,126,239,211,178,40,235,87,24,63,15,232,115,200,97,6,3,254,208,231,142,147,25,205,243,108,115,76,97,249,189,217,209,236,165,235,15,41,65,152,224,201,128,89,21,210,247,204,247,173,162,172,176,136,253,56,127,195,228,128,86,95,170,211,145,185,118,76,152,49,89,71,118,89,42,251,58,118,46,197,67,119,21,249,158,94,167,227,38,248,34,1,202,233,15,144,137,184,40,189,133,42,71,112,39,40,53,197,145,210,61,37,151,232,158,98,85,242,249,128,189,80,8,102,228,145,2,23,139,41,186,136,3,225,51,209,225,105,76,153,178,2,25,85,17,142,246,238,208,72,227,166,199,96,196,86,159,220,145,103,208,35,158,125,126,221,185,235,95,242,240,24,19,226,124,1739147495906,QBYTE | phon
104,228,255,42,198,246,176,161,253,85,254,21,25,130,123,134,248,26,95,103,97,109,80,71,76,94,42,114,98,187,134,194,167,77,182,159,109,252,203,194,227,111,8,245,147,39,20,175,144,87,15,47,195,233,182,221,116,35,101,215,142,179,32,23,7,237,168,51,16,49,174,72,181,35,25,8,35,156,152,184,7,207,41,114,125,70,105,129,72,131,134,248,184,27,13,54,196,230,224,64,18,196,108,30,228,105,187,80,177,58,178,92,143,252,43,209,142,242,97,73,5,25,228,65,244,91,17,48,180,49,55,228,85,150,169,189,130,82,172,207,216,190,91,173,135,187,23,168,220,139,10,237,154,7,220,250,44,219,250,253,133,140,199,85,118,212,98,198,243,128,209,243,238,119,242,209,5,44,38,11,128,168,28,78,228,165,131,77,148,234,199,166,45,3,145,43,14,169,63,226,97,107,19,87,67,39,33,65,46,61,173,243,28,238,182,175,167,40,39,164,251,108,49,187,156,125,132,23,85,37,211,185,93,8,78,44,143,208,141,148,95,73,147,36,121,165,83,166,184,13,1739147496978,/dev/cu.usbmodem14201
104,228,255,42,198,246,176,161,253,85,254,21,25,130,123,134,248,26,95,103,97,109,80,71,76,94,42,114,98,187,134,194,167,77,182,159,109,252,203,194,227,111,8,245,147,39,20,175,144,87,15,47,195,233,182,221,116,35,101,215,142,179,32,23,7,237,168,51,16,49,174,72,181,35,25,8,35,156,152,184,7,207,41,114,125,70,105,129,72,131,134,248,184,27,13,54,196,230,224,64,18,196,108,30,228,105,187,80,177,58,178,92,143,252,43,209,142,242,97,73,5,25,228,65,244,91,17,48,180,49,55,228,85,150,169,189,130,82,172,207,216,190,91,173,135,187,23,168,220,139,10,237,154,7,220,250,44,219,250,253,133,140,199,85,118,212,98,198,243,128,209,243,238,119,242,209,5,44,38,11,128,168,28,78,228,165,131,77,148,234,199,166,45,3,145,43,14,169,63,226,97,107,19,87,67,39,33,65,46,61,173,243,28,238,182,175,167,40,39,164,251,108,49,187,156,125,132,23,85,37,211,185,93,8,78,44,143,208,141,148,95,73,147,36,121,165,83,166,184,13,1739147496978,QBYTE | a/s
198,69,58,151,173,137,51,65,233,140,144,210,164,147,65,118,112,188,65,21,112,221,92,180,233,219,81,253,122,212,210,137,208,235,104,209,86,34,114,103,161,105,134,131,196,213,107,99,31,14,220,75,3,7,43,70,184,174,54,67,219,42,242,5,231,116,47,12,240,144,245,27,240,189,151,20,239,31,233,146,112,178,217,12,220,101,242,145,203,111,138,123,145,178,20,170,216,86,111,73,203,222,158,236,123,204,36,125,113,128,60,238,229,223,125,120,52,234,212,122,8,91,236,184,139,203,53,176,232,58,87,101,209,35,42,198,65,5,235,215,35,252,222,233,47,192,7,54,122,88,6,120,40,147,32,250,59,178,135,241,77,250,196,18,50,251,244,223,0,221,132,250,199,26,196,6,215,187,24,135,186,162,173,207,211,203,44,57,182,96,182,47,199,109,85,17,102,28,110,71,215,237,247,163,56,75,235,200,29,188,104,171,142,156,134,70,245,177,108,169,40,235,161,151,215,249,82,143,146,58,190,5,163,148,212,40,61,251,4,2,75,204,153,178,65,19,101,100,32,176,1739147498050,/dev/cu.usbmodem14201
198,69,58,151,173,137,51,65,233,140,144,210,164,147,65,118,112,188,65,21,112,221,92,180,233,219,81,253,122,212,210,137,208,235,104,209,86,34,114,103,161,105,134,131,196,213,107,99,31,14,220,75,3,7,43,70,184,174,54,67,219,42,242,5,231,116,47,12,240,144,245,27,240,189,151,20,239,31,233,146,112,178,217,12,220,101,242,145,203,111,138,123,145,178,20,170,216,86,111,73,203,222,158,236,123,204,36,125,113,128,60,238,229,223,125,120,52,234,212,122,8,91,236,184,139,203,53,176,232,58,87,101,209,35,42,198,65,5,235,215,35,252,222,233,47,192,7,54,122,88,6,120,40,147,32,250,59,178,135,241,77,250,196,18,50,251,244,223,0,221,132,250,199,26,196,6,215,187,24,135,186,162,173,207,211,203,44,57,182,96,182,47,199,109,85,17,102,28,110,71,215,237,247,163,56,75,235,200,29,188,104,171,142,156,134,70,245,177,108,169,40,235,161,151,215,249,82,143,146,58,190,5,163,148,212,40,61,251,4,2,75,204,153,178,65,19,101,100,32,176,1739147498051,QBYTE | cornices
91,52,30,201,14,57,135,111,216,223,133,176,107,201,161,116,203,20,210,46,17,69,68,130,98,145,64,237,91,33,23,118,184,79,87,59,101,57,5,95,84,47,200,56,56,87,214,146,114,197,130,29,199,58,158,245,138,232,183,46,9,76,122,33,116,53,252,113,41,2,134,220,176,223,6,2,153,94,129,111,187,188,67,187,129,227,86,95,235,186,72,93,182,195,4,12,33,85,129,9,88,178,207,213,50,223,2,157,131,165,151,114,90,57,37,191,184,181,236,125,77,28,146,138,119,216,193,223,204,4,183,124,99,130,85,250,76,81,195,128,193,16,148,49,187,44,86,62,192,27,140,12,87,77,143,187,230,151,9,52,70,72,158,208,157,145,213,93,55,25,17,145,74,228,146,105,159,228,164,36,124,224,30,2,164,202,22,213,91,220,61,130,202,4,134,223,184,59,39,32,2,37,9,250,26,217,167,212,86,156,84,12,76,42,97,9,90,135,4,164,151,214,131,84,120,60,152,113,232,198,97,194,208,146,105,134,170,195,86,165,204,234,0,57,193,99,90,157,202,184,1739147499123,/dev/cu.usbmodem14201
91,52,30,201,14,57,135,111,216,223,133,176,107,201,161,116,203,20,210,46,17,69,68,130,98,145,64,237,91,33,23,118,184,79,87,59,101,57,5,95,84,47,200,56,56,87,214,146,114,197,130,29,199,58,158,245,138,232,183,46,9,76,122,33,116,53,252,113,41,2,134,220,176,223,6,2,153,94,129,111,187,188,67,187,129,227,86,95,235,186,72,93,182,195,4,12,33,85,129,9,88,178,207,213,50,223,2,157,131,165,151,114,90,57,37,191,184,181,236,125,77,28,146,138,119,216,193,223,204,4,183,124,99,130,85,250,76,81,195,128,193,16,148,49,187,44,86,62,192,27,140,12,87,77,143,187,230,151,9,52,70,72,158,208,157,145,213,93,55,25,17,145,74,228,146,105,159,228,164,36,124,224,30,2,164,202,22,213,91,220,61,130,202,4,134,223,184,59,39,32,2,37,9,250,26,217,167,212,86,156,84,12,76,42,97,9,90,135,4,164,151,214,131,84,120,60,152,113,232,198,97,194,208,146,105,134,170,195,86,165,204,234,0,57,193,99,90,157,202,184,1739147499123,QBYTE | must-watch
173,115,51,87,239,103,236,119,227,12,93,95,0,18,187,58,34,135,5,143,214,3,111,77,121,72,130,111,71,0,148,59,110,16,40,14,63,220,239,12,78,25,221,177,148,44,10,132,37,132,223,101,157,190,99,161,216,101,201,73,0,195,243,221,2,51,56,59,53,213,107,254,226,128,56,217,180,238,142,186,49,4,91,182,130,66,157,147,84,98,143,131,91,80,100,31,180,248,85,229,91,33,190,211,190,114,157,225,100,57,153,72,225,153,211,122,104,55,139,211,28,211,82,210,188,19,56,245,112,73,156,236,185,175,162,250,168,227,186,25,206,67,229,43,166,154,131,178,27,121,43,9,154,76,30,111,43,107,172,139,88,129,222,222,123,90,22,254,108,11,141,79,66,253,143,10,153,91,92,160,163,174,36,118,40,144,216,18,225,121,221,39,211,246,104,163,66,211,19,136,113,104,13,185,141,40,29,214,170,162,47,34,87,34,146,90,103,64,144,61,242,178,170,241,209,184,149,243,131,240,204,206,84,26,130,4,85,223,45,8,191,176,169,102,127,87,82,39,212,38,1739147500196,/dev/cu.usbmodem14201
173,115,51,87,239,103,236,119,227,12,93,95,0,18,187,58,34,135,5,143,214,3,111,77,121,72,130,111,71,0,148,59,110,16,40,14,63,220,239,12,78,25,221,177,148,44,10,132,37,132,223,101,157,190,99,161,216,101,201,73,0,195,243,221,2,51,56,59,53,213,107,254,226,128,56,217,180,238,142,186,49,4,91,182,130,66,157,147,84,98,143,131,91,80,100,31,180,248,85,229,91,33,190,211,190,114,157,225,100,57,153,72,225,153,211,122,104,55,139,211,28,211,82,210,188,19,56,245,112,73,156,236,185,175,162,250,168,227,186,25,206,67,229,43,166,154,131,178,27,121,43,9,154,76,30,111,43,107,172,139,88,129,222,222,123,90,22,254,108,11,141,79,66,253,143,10,153,91,92,160,163,174,36,118,40,144,216,18,225,121,221,39,211,246,104,163,66,211,19,136,113,104,13,185,141,40,29,214,170,162,47,34,87,34,146,90,103,64,144,61,242,178,170,241,209,184,149,243,131,240,204,206,84,26,130,4,85,223,45,8,191,176,169,102,127,87,82,39,212,38,1739147500196,QBYTE | oldman
8,176,0,140,136,120,231,164,24,154,194,120,147,102,166,197,79,199,23,18,141,157,164,147,249,250,230,182,130,31,232,160,186,50,134,178,28,233,45,225,40,188,112,81,98,245,94,43,144,31,204,62,155,173,113,216,153,96,143,30,129,169,131,25,128,48,55,207,244,240,59,184,176,41,194,183,211,117,210,3,82,92,198,104,129,43,121,108,237,6,62,205,135,221,39,138,237,49,98,100,219,15,8,166,38,110,53,96,71,90,175,87,56,246,147,191,2,30,243,145,62,103,247,55,238,138,145,130,86,144,26,7,124,179,54,3,60,247,230,238,59,198,244,145,212,155,100,246,109,135,40,179,211,195,3,47,161,33,232,113,233,134,130,25,139,238,80,166,52,184,19,61,162,142,10,211,8,214,226,73,18,16,191,136,19,121,29,43,152,253,191,115,85,254,73,120,233,26,172,179,54,94,148,132,244,47,78,190,148,215,149,56,64,212,84,50,114,15,12,205,254,34,175,212,194,170,57,102,26,216,85,232,207,244,105,145,69,113,207,71,224,232,110,185,122,161,111,219,194,87,1739147501269,/dev/cu.usbmodem14201
8,176,0,140,136,120,231,164,24,154,194,120,147,102,166,197,79,199,23,18,141,157,164,147,249,250,230,182,130,31,232,160,186,50,134,178,28,233,45,225,40,188,112,81,98,245,94,43,144,31,204,62,155,173,113,216,153,96,143,30,129,169,131,25,128,48,55,207,244,240,59,184,176,41,194,183,211,117,210,3,82,92,198,104,129,43,121,108,237,6,62,205,135,221,39,138,237,49,98,100,219,15,8,166,38,110,53,96,71,90,175,87,56,246,147,191,2,30,243,145,62,103,247,55,238,138,145,130,86,144,26,7,124,179,54,3,60,247,230,238,59,198,244,145,212,155,100,246,109,135,40,179,211,195,3,47,161,33,232,113,233,134,130,25,139,238,80,166,52,184,19,61,162,142,10,211,8,214,226,73,18,16,191,136,19,121,29,43,152,253,191,115,85,254,73,120,233,26,172,179,54,94,148,132,244,47,78,190,148,215,149,56,64,212,84,50,114,15,12,205,254,34,175,212,194,170,57,102,26,216,85,232,207,244,105,145,69,113,207,71,224,232,110,185,122,161,111,219,194,87,1739147501270,QBYTE | 