ColorZ: 1.650000 RotZ: 1.850000 RNG params: trng True False
33,214,222,67,59,242,80,168,57,36,188,149,86,189,120,212,140,212,96,198,30,103,126,43,65,10,40,53,147,216,176,57,182,193,142,28,96,90,184,180,94,34,113,38,123,109,172,108,151,147,181,235,109,118,219,225,92,22,60,164,122,222,138,2,131,195,153,103,123,85,121,71,169,193,130,16,161,172,36,85,35,215,24,254,199,99,148,25,83,175,23,203,166,35,239,48,132,38,180,37,71,106,70,253,140,127,201,129,47,152,130,87,7,143,201,20,3,116,28,171,73,108,27,157,238,145,52,106,5,87,109,90,231,74,39,50,154,120,69,226,150,10,84,31,190,235,178,38,75,185,130,249,160,20,165,175,161,106,86,157,59,221,99,142,114,217,254,122,191,158,66,131,149,100,29,238,209,24,120,43,89,235,185,227,224,94,207,97,109,231,222,66,20,253,5,164,1,152,62,230,45,127,39,49,159,205,2,77,109,116,118,16,109,154,17,208,174,62,41,110,164,220,148,93,67,247,167,60,236,95,41,188,16,139,3,48,22,90,35,225,145,107,197,96,205,194,205,109,228,155,1739148221204,/dev/cu.usbmodem14201
201,37,28,7,105,14,207,243,154,77,60,38,170,140,16,240,64,104,56,10,103,85,252,112,154,132,195,253,97,158,211,240,54,216,233,46,116,204,213,176,60,80,41,5,165,175,197,20,140,166,106,209,71,253,218,18,77,116,48,8,221,104,240,185,58,144,143,240,100,36,212,252,228,18,0,28,189,202,100,14,29,54,247,4,89,75,18,1,128,95,60,133,197,220,136,139,50,240,12,61,135,227,95,29,75,141,110,165,252,248,198,101,215,7,201,169,250,2,27,5,113,177,61,225,44,177,45,159,204,52,107,254,13,8,99,191,160,197,152,37,2,233,109,70,60,54,113,125,188,28,19,141,87,172,217,205,229,142,238,92,101,81,114,246,66,227,2,141,121,67,192,137,195,7,21,86,124,113,171,164,80,161,127,146,228,177,97,151,64,141,92,30,90,27,126,170,154,124,154,203,48,122,54,215,115,140,27,24,73,123,122,194,214,143,225,78,172,235,56,41,21,181,245,234,29,194,70,200,246,140,253,116,238,138,215,36,250,52,212,251,122,206,200,29,238,99,100,127,113,85,1739148221205,/dev/cu.usbmodem14201
152,172,14,64,191,77,121,200,245,225,218,77,252,87,195,156,246,120,77,223,40,166,10,51,165,201,18,213,20,37,180,211,58,41,199,146,157,127,123,84,124,172,200,109,225,65,228,102,71,17,223,15,29,69,3,195,72,40,17,2,51,184,81,167,12,34,235,58,246,28,215,247,76,139,197,139,205,9,97,15,35,134,250,233,48,194,68,24,107,239,190,77,126,0,58,97,163,124,205,242,65,151,116,132,78,55,46,56,196,158,231,194,195,179,125,54,3,129,37,60,156,139,239,53,25,28,117,243,91,172,149,139,124,129,47,67,99,150,142,35,101,135,35,34,140,73,78,125,198,16,125,179,0,97,146,35,165,23,177,252,149,227,61,160,9,60,175,220,218,212,242,2,172,66,89,207,253,79,236,235,225,202,85,120,250,125,227,164,241,16,23,249,140,154,115,110,99,61,248,134,16,205,107,234,8,184,209,97,245,160,188,139,220,132,178,22,241,203,253,197,91,86,253,236,163,149,197,59,111,210,64,3,198,69,2,185,116,194,77,160,234,218,3,94,213,56,201,130,181,45,1739148221205,/dev/cu.usbmodem14201
69,55,34,248,200,24,84,156,160,155,47,129,127,137,135,167,60,47,121,200,120,119,168,77,167,21,146,210,129,52,169,175,144,144,115,85,173,125,36,1,221,79,187,165,58,201,164,117,52,95,190,146,115,20,18,229,195,82,185,32,70,25,100,218,200,103,154,245,242,122,93,39,140,40,115,117,207,20,147,100,217,126,132,152,142,115,251,3,182,90,235,67,174,178,85,80,39,199,127,106,222,168,217,63,205,29,117,173,248,86,113,194,123,176,41,124,59,166,105,35,253,40,60,207,196,210,190,158,27,210,219,5,58,128,116,198,95,239,16,17,128,229,247,158,64,181,190,176,93,180,233,74,142,53,115,111,114,194,209,66,244,97,56,78,57,170,9,25,188,223,221,139,59,61,85,248,100,64,125,148,146,168,156,181,125,25,133,236,215,132,92,166,229,68,11,88,204,242,29,54,48,18,188,132,204,76,138,49,72,198,57,173,44,155,150,91,218,150,188,102,10,135,33,203,207,116,183,213,220,231,225,21,131,67,136,176,21,87,27,26,176,135,34,62,83,227,179,99,158,70,1739148221206,/dev/cu.usbmodem14201
126,55,10,221,215,168,225,192,195,152,67,193,21,141,61,144,37,131,235,206,136,216,201,100,41,27,118,0,169,37,204,92,43,158,140,206,172,101,177,201,130,99,255,3,133,117,254,201,189,36,209,57,94,50,66,149,115,198,52,12,26,47,37,6,210,147,169,150,215,235,109,208,106,75,196,226,16,160,2,230,220,74,20,18,49,31,162,87,29,228,52,105,170,118,18,129,163,124,157,191,116,212,186,67,11,194,205,58,38,154,233,147,241,82,41,214,158,178,217,57,22,214,176,182,7,3,227,16,184,180,174,219,53,251,72,28,3,197,215,33,66,194,204,176,110,65,99,188,137,224,150,162,209,101,145,151,139,190,118,27,28,235,250,162,100,194,20,182,52,159,41,149,11,174,107,150,77,178,96,166,165,18,51,97,113,18,250,245,233,239,235,129,90,5,144,8,97,11,40,74,26,212,174,196,101,105,134,146,124,136,38,131,165,197,118,0,181,67,65,183,48,18,246,151,150,102,127,199,10,112,17,179,41,12,94,4,72,163,168,115,231,177,232,112,97,74,35,5,151,8,1739148221206,/dev/cu.usbmodem14201
233,69,161,120,38,139,75,2,217,132,146,93,249,70,147,249,20,199,201,74,186,232,242,26,14,158,101,4,68,236,36,109,116,30,219,253,7,104,49,231,179,104,91,48,183,210,235,218,142,198,38,65,201,139,206,158,35,77,235,37,168,196,127,159,213,23,61,123,71,228,143,234,28,51,102,248,173,17,24,64,62,91,253,209,89,52,71,178,7,23,211,165,200,142,134,173,190,140,249,145,76,147,132,30,208,172,166,156,63,62,168,105,64,96,164,68,104,203,81,247,137,199,87,72,0,53,24,217,92,90,182,182,243,89,90,112,221,102,103,48,254,150,88,129,45,164,193,253,64,244,38,253,219,207,102,199,215,131,229,40,169,21,213,34,190,29,49,77,250,90,204,159,24,30,189,154,244,223,93,201,142,181,153,171,197,4,246,117,33,225,174,186,227,216,122,158,164,82,235,113,20,215,0,15,75,196,190,98,28,41,44,152,112,43,57,93,92,247,55,145,113,17,245,210,9,248,143,188,22,84,110,255,58,92,3,199,23,223,182,134,58,167,155,222,201,114,136,184,185,136,1739148221207,/dev/cu.usbmodem14201
48,134,116,39,204,232,247,33,191,144,122,51,31,18,103,74,96,105,18,135,96,77,187,26,237,207,207,234,87,180,120,169,6,134,166,216,66,218,221,190,194,83,118,191,173,102,113,219,52,11,93,195,144,22,18,55,194,89,135,84,122,162,171,143,47,29,99,212,109,210,61,246,235,31,205,51,205,110,156,119,126,218,224,213,164,176,36,64,53,151,255,9,5,159,212,47,167,164,242,247,191,247,1,32,81,229,99,42,46,5,222,41,142,51,212,16,54,99,153,81,207,80,152,187,200,116,89,235,168,223,123,198,194,26,231,169,57,41,119,221,252,34,85,114,5,76,126,156,13,75,172,2,186,251,183,130,58,238,132,30,72,8,252,50,166,14,81,40,220,173,233,137,209,2,12,104,211,0,150,75,118,5,31,26,173,202,97,168,244,198,199,205,78,90,60,58,71,172,176,188,76,191,187,18,156,101,145,216,215,75,77,28,118,149,111,0,136,74,169,173,251,238,33,112,122,78,209,220,188,61,220,191,44,67,169,198,133,156,20,132,192,8,9,105,82,80,45,175,253,64,1739148221207,/dev/cu.usbmodem14201
142,59,44,221,44,203,162,200,254,93,165,145,70,31,162,70,237,20,144,58,215,179,152,69,241,89,104,134,250,255,86,63,158,12,202,232,68,209,144,177,22,62,39,238,68,117,0,168,51,203,58,230,193,16,94,137,210,238,91,251,104,254,190,60,221,170,139,119,210,19,253,134,227,121,26,136,206,252,109,221,251,238,36,83,3,86,103,119,228,170,148,34,170,6,37,90,249,201,86,211,198,152,176,251,184,121,237,204,154,145,167,243,146,225,252,63,43,166,184,114,146,145,155,153,186,154,110,152,37,121,181,49,32,106,94,211,66,66,120,0,246,146,147,173,109,255,13,15,44,199,219,72,100,42,130,215,109,77,242,162,191,194,94,143,210,1,121,55,210,62,228,196,115,110,4,205,221,143,167,7,94,11,23,12,205,189,120,93,234,0,244,232,85,42,129,177,207,95,2,190,209,215,11,249,176,200,210,249,187,252,253,26,26,59,92,90,150,16,227,170,247,71,110,110,99,79,193,245,225,49,3,58,132,110,72,161,14,136,199,149,210,171,8,9,205,121,74,194,112,150,1739148221208,/dev/cu.usbmodem14201
28,167,29,163,52,169,77,36,173,194,123,65,202,41,71,122,186,210,204,226,172,45,56,4,226,65,223,167,39,213,184,18,237,170,232,246,137,146,255,112,38,247,222,137,222,254,77,11,92,89,46,250,130,101,208,96,218,36,167,8,114,160,0,236,136,37,27,22,52,217,5,33,243,110,65,83,160,88,89,60,163,60,188,206,239,84,159,209,197,139,242,167,126,44,109,211,113,240,202,138,30,158,59,221,118,42,25,241,66,152,234,18,197,107,241,74,42,237,226,92,155,174,17,90,106,54,30,34,224,85,158,176,136,145,180,30,163,12,252,57,199,101,191,11,101,119,226,68,132,153,194,152,173,151,95,43,152,175,61,240,125,58,153,171,174,124,87,214,96,128,69,196,112,192,218,38,131,132,78,211,121,129,173,96,87,234,221,203,221,54,191,29,133,149,84,37,121,129,48,164,174,177,216,168,42,181,57,212,149,127,51,233,242,74,168,212,222,102,108,197,173,18,241,203,180,75,115,72,232,206,213,23,0,122,226,185,89,147,108,68,126,77,94,211,146,107,31,35,29,243,1739148221209,QBYTE | schriefer
31,17,59,251,211,74,111,130,205,213,252,171,174,243,36,127,53,239,164,51,25,211,72,172,180,75,106,75,221,206,24,22,118,220,232,89,111,103,249,123,160,144,165,147,140,173,219,56,252,230,137,42,103,88,127,118,194,237,202,78,146,172,81,44,186,233,110,62,93,37,66,9,69,171,0,163,175,162,37,117,18,242,89,57,47,103,76,111,233,71,137,107,65,175,38,134,128,245,234,103,160,7,173,178,132,219,80,141,140,109,135,255,173,103,186,76,72,51,118,236,135,122,188,158,7,154,221,215,49,221,86,79,34,145,128,40,7,194,169,90,117,57,33,135,26,50,145,220,183,218,212,95,253,99,47,171,132,106,109,141,228,174,57,21,228,35,151,120,69,198,10,222,234,182,168,150,224,136,8,99,128,198,66,130,242,157,30,93,77,205,218,93,181,116,72,4,116,245,196,238,214,243,54,166,113,106,83,251,200,174,69,15,100,192,118,66,246,255,63,205,232,18,91,97,235,0,118,47,64,211,25,165,29,60,224,198,82,70,213,105,128,238,146,133,83,51,139,222,176,89,1739148221210,/dev/cu.usbmodem14201
147,102,127,240,69,207,25,104,30,18,221,246,252,30,70,96,140,217,45,61,254,136,75,194,192,93,26,214,141,66,205,187,21,184,225,202,166,84,119,55,79,194,233,13,69,172,216,141,200,111,110,234,55,116,36,75,235,248,136,26,127,195,102,254,212,63,72,57,30,106,64,115,190,199,143,240,222,39,206,65,34,176,210,15,165,242,65,215,233,159,224,28,123,110,245,20,5,87,122,103,213,59,178,18,134,202,164,152,174,29,96,2,169,202,164,64,160,6,205,229,91,17,153,134,72,254,154,26,120,188,153,40,150,18,195,204,50,3,13,215,238,159,242,46,170,76,211,49,143,45,156,185,21,98,217,249,206,141,3,20,141,88,141,128,20,8,76,67,81,92,48,51,200,156,0,162,172,55,117,117,211,230,196,191,62,118,96,14,140,0,25,242,251,24,216,117,210,193,135,107,239,133,94,141,32,44,220,205,246,129,141,94,9,228,30,107,17,48,109,82,188,20,38,144,92,131,109,242,1,113,37,140,176,110,251,22,23,185,152,71,57,167,12,89,90,193,35,170,53,83,1739148221210,/dev/cu.usbmodem14201
38,239,86,182,38,230,211,241,174,5,9,185,119,124,249,196,129,95,180,185,90,73,170,92,238,55,85,94,142,145,207,193,190,35,45,217,60,72,71,240,46,178,79,161,250,78,69,222,177,158,121,111,133,134,127,97,2,34,56,35,249,202,227,60,229,6,102,239,102,7,142,28,80,14,22,188,198,196,245,116,118,185,106,195,145,69,206,41,220,115,171,79,3,50,109,102,113,168,27,30,63,199,104,0,254,207,154,151,54,198,161,81,233,102,180,180,247,167,156,61,133,93,150,121,235,115,111,252,117,94,150,151,167,28,6,17,223,237,223,47,156,36,193,108,251,91,36,87,97,91,204,192,219,79,103,237,12,228,225,14,137,232,14,42,22,218,176,12,153,200,135,27,48,24,201,73,173,152,53,10,96,46,68,179,172,61,230,116,159,40,190,216,70,86,73,121,238,76,46,37,226,113,218,177,32,90,201,114,220,159,186,50,116,150,80,188,37,155,29,120,247,182,152,169,7,190,145,226,228,114,38,98,74,112,115,197,42,164,92,217,151,29,221,79,182,229,2,168,68,24,1739148221211,/dev/cu.usbmodem14201
179,78,71,87,112,122,182,133,117,8,203,70,79,10,145,109,199,186,151,248,130,88,227,248,250,222,159,112,45,32,118,99,4,1,65,178,233,18,224,51,227,133,126,112,14,208,98,168,6,229,233,23,6,218,104,215,230,247,129,218,106,185,88,0,241,191,49,244,122,13,239,55,138,152,147,110,176,159,195,135,185,206,230,255,65,181,78,79,43,250,42,82,172,57,243,228,4,96,69,111,67,177,169,252,129,239,79,169,129,238,249,17,227,161,173,33,243,130,225,238,241,234,247,137,116,109,126,1,138,101,121,212,38,45,104,32,106,23,153,92,99,8,253,173,221,249,135,146,249,46,166,129,252,51,91,219,179,84,119,70,184,44,187,52,81,193,36,192,234,136,130,252,10,1,179,109,248,248,181,1,169,94,144,225,46,254,250,61,13,191,71,175,173,125,224,177,89,83,167,20,203,210,194,167,192,48,108,224,141,9,140,252,216,70,191,208,69,139,131,84,9,214,12,116,45,28,21,247,171,9,109,252,168,151,133,157,19,143,82,239,194,197,205,11,162,151,36,146,242,33,1739148221211,/dev/cu.usbmodem14201
76,229,252,66,191,19,168,154,241,216,69,37,228,169,169,138,27,51,127,19,198,255,194,206,208,219,179,46,12,44,182,223,75,234,178,239,60,90,98,163,91,175,121,214,192,230,172,254,16,111,109,86,126,147,166,94,24,177,130,2,68,41,131,121,19,117,221,212,102,173,136,244,189,172,187,54,249,99,45,135,174,37,184,10,253,184,7,185,62,79,66,195,93,237,180,87,241,79,64,118,207,218,104,21,137,165,229,234,237,244,94,247,141,240,191,76,127,130,149,123,231,45,166,190,242,158,141,138,81,7,11,71,55,3,69,176,180,35,139,173,56,31,73,211,86,65,228,249,109,2,47,118,222,102,67,176,165,145,78,207,54,222,170,102,227,93,254,5,117,113,217,152,236,175,48,163,179,81,26,92,204,61,167,182,213,243,198,181,127,86,74,248,242,183,9,89,244,157,166,81,14,63,55,10,200,38,159,121,48,95,190,164,151,7,169,132,193,57,28,74,43,153,67,250,232,204,157,5,7,22,67,98,123,121,218,157,241,195,12,235,119,177,148,90,67,219,211,7,177,196,1739148221212,/dev/cu.usbmodem14201
11,14,131,6,118,158,31,142,38,217,169,130,213,118,155,58,196,160,76,12,35,149,158,200,74,24,218,150,155,134,50,147,249,105,178,61,100,197,80,30,79,155,44,190,126,13,170,200,28,118,58,12,190,106,255,240,101,246,119,169,131,86,7,114,151,92,37,248,97,244,33,95,216,197,226,210,146,98,254,67,6,233,99,195,16,17,224,137,115,80,228,62,70,181,251,140,186,132,28,139,58,133,146,7,63,141,30,8,11,186,172,149,107,250,124,218,162,30,195,106,197,90,144,132,1,140,252,162,249,140,58,142,247,144,54,134,59,224,43,126,11,27,1,77,181,130,156,221,54,79,66,237,173,230,157,100,176,173,8,252,157,83,182,140,99,51,152,32,151,235,128,224,84,187,7,210,248,230,133,93,136,245,172,118,119,190,138,188,28,207,58,1,103,141,123,79,235,164,176,204,116,8,146,231,42,27,50,142,31,246,11,208,38,65,154,144,90,172,8,81,82,186,137,110,73,108,82,176,118,55,201,134,217,96,174,162,212,245,22,104,35,40,36,99,238,98,253,219,207,108,1739148221212,/dev/cu.usbmodem14201
111,239,235,248,216,37,184,54,162,55,88,92,109,140,23,152,188,13,232,62,167,236,70,21,180,158,122,131,8,94,241,36,51,231,86,237,171,229,230,52,253,88,221,135,0,106,86,251,174,165,190,162,181,240,5,232,124,238,254,175,107,87,245,75,128,218,206,68,217,41,95,141,207,253,208,131,113,76,219,141,59,213,107,29,180,4,145,171,160,36,23,223,170,1,121,128,36,250,246,241,175,57,143,71,137,163,27,22,189,217,53,168,156,67,12,184,148,14,95,84,37,87,157,242,38,112,247,104,255,241,98,205,129,189,8,78,12,143,122,129,232,250,74,37,161,132,165,211,200,74,102,108,180,251,24,138,226,3,26,206,135,46,98,244,69,254,101,146,181,59,120,211,142,158,205,232,110,170,37,86,172,132,160,188,205,149,118,233,252,229,201,209,162,82,221,50,142,208,151,174,247,186,41,80,3,28,150,245,186,239,210,149,177,201,11,193,248,103,231,225,114,104,245,137,143,73,222,103,89,124,143,198,130,91,249,43,107,45,178,176,148,150,184,16,222,2,168,164,4,79,1739148221213,/dev/cu.usbmodem14201
137,30,89,174,137,232,6,200,245,235,115,240,106,139,41,70,254,193,159,151,243,20,53,234,199,116,14,30,228,137,34,22,118,114,42,197,50,134,186,179,216,111,174,213,70,60,64,69,64,180,125,142,215,80,217,68,35,90,171,6,80,117,22,56,182,140,134,142,52,135,24,145,235,130,58,143,35,216,113,71,109,71,170,137,231,249,225,232,194,62,126,185,175,38,209,63,220,222,82,44,166,218,75,12,245,199,54,250,194,175,69,177,95,202,70,203,88,226,160,246,86,89,169,133,189,113,45,14,151,113,73,230,39,203,159,78,247,48,19,214,109,142,90,38,168,226,167,97,177,216,100,139,69,238,147,88,19,17,46,129,183,203,27,17,168,223,114,220,184,218,142,136,156,189,179,83,195,62,92,180,5,39,19,95,213,121,19,152,251,28,131,37,108,129,78,202,29,64,253,42,247,10,26,85,197,51,222,236,176,181,19,40,17,195,202,226,246,235,122,200,80,168,17,0,171,225,83,203,37,80,13,68,150,150,216,234,39,61,102,244,53,101,230,231,27,198,238,178,214,33,1739148221214,/dev/cu.usbmodem14201
184,204,152,248,88,89,26,116,136,23,36,169,92,67,6,216,98,140,238,249,142,216,101,51,137,214,167,150,136,64,59,113,46,80,25,2,221,149,71,181,19,102,91,117,197,34,52,75,97,250,227,206,113,41,201,137,239,51,91,175,130,65,235,150,200,16,193,250,181,178,141,230,96,236,185,105,62,75,164,201,1,107,29,87,228,49,26,173,216,84,39,241,139,181,170,116,67,133,54,81,245,246,224,5,183,125,247,37,12,96,61,198,43,233,142,124,253,96,111,105,249,165,70,165,184,105,253,126,118,81,58,198,83,87,201,227,244,71,43,122,210,250,183,245,124,121,155,190,130,93,77,219,77,232,159,98,17,121,138,173,195,90,100,132,218,127,62,156,136,161,144,41,178,4,155,218,255,252,27,254,119,59,234,76,244,137,75,98,55,58,0,213,254,174,216,87,157,130,182,173,106,82,230,213,149,62,207,74,74,74,138,86,208,184,117,114,18,198,69,129,241,133,199,49,24,41,221,209,3,212,127,209,249,97,184,118,21,242,141,223,25,251,96,86,117,253,230,132,159,245,1739148221214,QBYTE | wheeze
237,226,160,72,250,178,228,242,93,92,182,93,54,86,214,175,182,85,29,218,11,60,253,110,52,108,227,128,45,66,227,89,146,199,250,171,128,105,183,56,128,124,78,3,112,208,113,204,112,6,181,234,199,141,0,123,122,155,54,77,143,153,66,60,193,63,73,238,183,167,118,109,141,134,178,124,237,17,154,79,135,189,38,242,78,135,240,2,52,89,192,35,187,159,159,187,161,102,204,65,65,106,104,66,36,129,53,97,51,58,214,122,199,43,39,142,206,48,60,142,170,52,29,151,14,54,74,88,177,180,180,49,207,68,209,165,91,146,221,165,147,125,84,230,147,7,65,202,89,71,60,51,31,143,45,207,20,226,119,121,146,58,234,140,240,106,54,183,99,225,189,199,178,150,157,26,181,203,75,168,204,68,147,4,126,199,234,32,210,51,30,210,107,80,32,114,217,34,10,217,1,119,151,102,190,76,92,72,164,140,39,78,251,199,200,217,118,178,242,148,87,9,217,47,88,38,240,194,203,196,241,93,159,30,168,79,213,101,102,60,155,129,13,155,76,35,7,134,142,207,1739148221742,/dev/cu.usbmodem14201
105,29,63,90,193,104,29,186,147,217,86,237,221,19,178,83,199,10,25,255,35,248,180,56,127,137,236,59,18,193,91,46,59,159,208,58,113,121,197,205,17,163,17,83,220,80,118,182,132,77,215,235,14,20,206,118,42,48,84,47,148,152,13,12,142,26,118,250,3,75,175,132,234,88,224,192,25,233,159,205,101,99,82,104,10,20,30,63,106,2,47,69,133,205,229,244,23,105,207,94,230,120,135,246,134,126,177,173,126,139,46,157,16,118,231,151,219,85,45,191,88,107,126,245,140,46,204,21,27,163,246,145,229,158,73,125,207,56,0,241,172,85,113,81,6,76,59,169,60,119,184,67,173,125,151,7,18,180,218,102,186,32,28,109,37,221,222,152,237,65,220,29,165,66,82,248,40,36,171,67,86,43,179,21,101,210,81,13,233,130,183,131,145,49,78,169,63,203,153,87,234,37,88,180,147,52,248,16,174,247,232,53,147,141,20,144,215,86,43,68,54,88,145,10,230,252,70,164,41,72,122,22,163,248,78,115,128,204,142,211,108,232,241,129,208,89,160,94,17,127,1739148221743,/dev/cu.usbmodem14201
60,96,9,79,105,59,80,15,65,50,150,26,164,180,12,21,92,175,20,254,93,28,3,107,118,162,131,92,135,53,140,46,4,134,115,250,176,32,157,68,239,242,172,3,206,122,121,130,254,89,63,102,22,72,219,50,174,16,236,144,208,116,177,139,191,163,136,191,129,170,255,229,25,212,229,251,47,215,79,216,121,6,28,15,28,111,89,19,162,59,0,250,162,22,24,166,146,34,233,212,48,144,191,82,112,102,90,215,203,189,3,56,132,164,78,108,172,157,141,85,189,51,172,253,228,252,89,202,115,84,170,74,89,164,69,56,179,31,204,178,168,129,203,5,44,143,193,230,248,150,11,51,203,155,66,64,103,67,207,45,249,114,155,234,16,173,201,188,118,218,36,64,6,153,227,40,229,83,75,222,250,212,19,162,145,243,222,52,62,71,23,244,211,104,168,243,117,212,2,221,73,149,164,145,54,18,47,115,113,33,254,196,145,163,156,225,4,118,178,228,178,71,77,161,210,57,216,61,30,254,81,210,112,236,56,108,200,74,233,47,21,72,228,213,15,73,2,108,81,122,1739148221743,/dev/cu.usbmodem14201
182,205,235,232,164,53,18,232,3,248,183,221,109,214,241,42,39,156,105,231,99,44,31,170,216,129,67,129,153,79,150,107,250,20,100,189,242,90,37,28,44,174,131,75,55,133,251,105,156,111,28,62,58,144,63,43,217,32,189,97,175,223,254,197,191,3,99,174,7,208,141,58,47,155,181,127,132,235,229,254,139,36,27,254,153,224,60,226,240,68,232,175,172,42,33,10,13,171,112,60,145,34,121,104,136,20,25,80,52,107,229,108,19,77,123,144,210,134,126,167,81,131,95,179,8,88,1,242,174,229,92,198,166,224,203,141,94,156,194,152,130,106,26,30,22,125,162,92,11,93,16,168,215,84,1,83,136,61,143,201,39,167,51,74,1,140,249,33,67,226,241,156,235,241,88,56,23,15,118,20,217,197,22,190,242,45,43,253,20,1,71,71,98,187,80,92,140,227,28,150,188,215,42,36,241,191,220,65,204,48,242,68,140,154,152,14,170,68,84,142,82,162,77,157,52,150,84,147,91,60,97,24,36,254,116,236,151,75,54,53,32,80,159,161,212,0,176,247,17,80,1739148221744,/dev/cu.usbmodem14201
234,75,56,8,103,54,147,62,136,159,166,133,251,131,23,164,140,19,58,165,216,117,25,208,27,156,132,38,134,144,4,238,239,201,40,210,217,92,99,229,62,212,196,9,235,2,114,32,238,12,253,120,18,43,201,21,157,131,242,208,53,253,122,106,211,111,225,41,53,103,3,69,4,233,14,24,200,136,37,43,125,142,161,29,37,112,137,178,203,70,237,94,65,109,186,192,123,218,158,233,236,71,76,73,73,114,4,194,236,193,218,165,1,239,46,33,197,225,196,93,64,134,161,229,254,33,247,232,166,198,30,39,48,49,185,191,29,27,210,228,231,98,102,99,217,225,232,5,115,128,95,121,27,22,34,64,145,130,71,112,134,75,57,155,25,8,63,41,216,139,75,207,197,134,206,211,137,157,96,178,115,207,32,44,19,243,61,198,78,244,44,161,220,213,124,193,230,169,59,207,200,165,233,178,47,81,22,0,169,244,31,41,242,18,220,92,235,55,180,46,250,172,225,227,70,233,10,30,125,194,173,114,148,200,86,36,253,208,161,177,240,90,76,91,215,39,29,67,208,81,1739148221744,/dev/cu.usbmodem14201
73,237,53,74,114,65,166,194,165,118,113,84,51,75,118,215,156,142,25,57,43,161,241,163,199,117,249,18,108,189,154,181,253,150,180,32,105,245,232,238,112,22,113,0,14,177,222,44,143,210,71,157,189,98,184,156,91,41,58,157,145,5,52,129,55,225,234,232,211,52,127,144,207,109,189,236,243,133,76,200,9,58,49,181,68,94,250,83,35,37,111,75,141,84,52,154,107,11,2,209,101,208,102,95,159,18,179,30,175,96,43,254,11,122,208,226,135,116,70,42,79,210,132,17,53,59,126,11,181,117,97,172,207,84,219,111,79,141,114,218,65,128,251,255,197,224,136,64,35,252,135,115,224,59,76,249,219,97,8,36,216,8,242,214,176,108,210,234,75,2,67,124,149,26,57,182,165,22,19,66,21,8,185,139,139,237,41,58,127,49,103,95,101,182,99,171,3,169,118,9,214,241,96,234,160,154,220,18,112,233,254,208,243,229,37,193,191,43,11,198,21,193,94,37,190,169,225,35,222,34,17,131,110,242,130,156,57,226,27,34,107,14,222,17,221,177,245,2,154,205,1739148221744,/dev/cu.usbmodem14201
178,210,29,106,185,185,117,218,136,67,185,39,254,229,112,251,87,104,145,245,178,213,152,92,225,249,99,128,252,148,67,65,195,134,66,94,156,37,81,1,177,11,253,178,242,231,170,207,218,68,42,240,170,180,62,249,129,57,233,74,162,214,197,136,218,209,176,72,254,143,56,250,22,30,194,134,184,107,60,166,0,155,141,252,74,88,44,182,145,63,215,177,150,34,96,218,107,142,223,59,169,107,186,89,155,117,252,220,165,99,69,6,17,235,97,249,145,81,18,186,124,118,156,143,129,137,198,214,201,29,45,122,168,65,247,150,104,111,73,94,250,87,124,48,11,207,226,158,19,202,168,109,215,8,252,218,163,125,52,207,1,180,78,4,251,166,78,50,126,58,129,201,152,128,105,56,139,223,164,139,228,7,22,224,32,56,88,75,139,47,128,218,183,81,94,161,0,81,206,96,63,118,221,145,161,121,104,39,157,223,65,157,206,112,179,64,49,30,140,74,5,107,85,184,0,16,162,196,190,81,228,82,128,172,11,140,34,115,126,98,2,81,51,6,252,163,136,199,247,87,1739148221745,/dev/cu.usbmodem14201
237,63,184,124,93,140,171,97,98,59,196,44,146,66,165,30,230,216,206,51,30,224,172,219,68,137,162,192,166,114,180,3,138,220,128,152,128,47,130,225,88,3,9,207,71,240,48,6,10,107,136,230,220,98,130,194,184,177,179,85,245,186,221,224,201,167,8,1,58,209,59,179,47,233,192,59,106,28,151,52,10,238,2,64,238,159,191,213,72,151,29,165,237,206,106,119,10,134,181,187,184,107,184,209,226,3,129,201,89,10,163,155,246,207,177,193,173,197,170,240,245,120,24,226,221,32,194,219,216,173,206,68,196,63,126,53,230,54,118,160,239,91,19,179,161,235,239,37,153,123,68,225,179,104,126,9,227,225,214,134,27,55,43,16,9,4,29,229,11,90,163,111,138,101,99,19,52,52,215,64,171,250,214,15,196,101,31,65,124,111,187,219,126,55,128,217,78,70,216,252,16,155,78,21,95,16,227,28,65,207,221,222,125,178,221,154,48,129,34,230,93,58,91,120,75,67,204,169,237,50,123,245,149,61,167,235,85,59,3,87,136,51,5,102,81,59,213,94,36,66,1739148221745,/dev/cu.usbmodem14201
242,25,213,225,7,150,80,232,75,222,107,173,134,72,45,85,171,65,5,102,73,21,137,99,156,95,115,18,145,50,203,43,12,207,99,226,31,201,146,70,245,73,49,108,5,219,179,84,39,140,89,170,60,222,231,166,216,185,161,193,151,62,86,253,184,125,103,141,16,155,212,170,163,226,179,113,182,190,109,213,110,61,108,127,4,245,107,78,61,239,79,50,135,187,199,20,88,95,108,79,158,55,1,16,245,155,13,130,13,175,9,117,173,5,219,30,21,127,216,254,152,181,49,181,249,15,83,155,117,165,40,153,70,133,253,30,165,230,76,190,166,45,6,179,25,156,116,39,76,54,171,109,49,112,21,177,227,87,64,230,178,15,240,24,159,80,102,166,93,113,158,19,184,197,137,188,252,211,221,26,144,68,124,69,4,136,29,18,215,114,137,29,59,183,87,102,180,201,214,159,47,169,91,187,155,119,22,67,178,103,190,65,199,70,79,225,90,85,46,254,54,136,249,31,235,102,191,152,87,205,152,215,135,95,210,99,185,210,240,83,211,71,35,68,224,61,160,155,70,19,1739148221746,QBYTE | rightholder
197,51,213,83,255,181,213,245,185,230,39,7,195,165,197,27,79,199,240,9,11,181,157,45,68,174,107,108,21,83,15,21,68,40,203,127,15,88,140,222,188,191,94,217,11,82,149,99,82,84,79,123,191,142,11,17,41,233,102,95,255,15,67,36,149,53,104,41,229,19,242,119,102,87,65,156,16,133,88,63,21,189,236,107,193,3,205,204,126,102,112,181,152,60,212,75,79,204,199,100,83,100,16,214,204,85,36,37,44,182,228,115,198,188,40,98,36,196,173,160,170,214,19,132,33,227,146,25,36,153,149,129,59,135,184,52,113,218,232,235,99,150,15,204,203,76,141,33,52,87,184,64,105,207,171,100,241,108,179,206,193,215,47,167,83,239,66,121,149,201,106,7,24,154,223,64,57,9,244,44,165,224,232,49,52,148,172,121,145,48,211,204,71,116,159,208,172,150,134,58,54,224,73,136,84,44,179,108,198,47,221,210,213,129,115,80,193,246,244,199,32,224,179,241,193,253,81,140,64,81,164,115,170,228,200,212,134,182,105,169,114,59,61,163,252,75,208,28,48,253,1739148222826,/dev/cu.usbmodem14201
208,236,209,92,39,79,13,111,30,60,109,253,96,230,238,141,21,9,111,53,81,214,34,29,175,93,174,34,121,98,175,208,82,109,45,111,221,190,240,141,206,231,64,237,64,173,136,177,24,93,151,244,167,146,124,236,106,251,53,145,132,138,57,98,155,51,140,71,14,72,172,204,170,150,114,118,67,26,89,60,27,47,254,194,254,243,243,229,54,135,54,53,144,190,38,195,218,40,36,255,182,234,12,206,252,186,199,177,34,93,29,254,150,53,183,207,111,57,116,172,120,65,90,138,174,116,82,215,247,178,240,77,98,18,116,220,69,43,4,47,39,222,169,1,253,99,170,82,223,16,175,121,33,124,224,146,73,138,210,121,200,236,217,187,142,89,56,205,174,204,143,144,101,208,159,193,62,235,146,114,71,92,42,225,8,201,31,212,48,68,177,237,204,133,54,187,121,141,203,193,51,18,165,146,167,187,10,230,74,190,198,59,121,251,111,115,137,230,227,170,202,221,155,168,226,34,181,103,52,174,54,209,31,187,30,232,104,43,81,156,32,82,93,149,194,43,238,20,136,77,1739148222827,/dev/cu.usbmodem14201
255,209,117,253,53,55,212,128,206,143,132,85,156,47,91,111,76,236,14,193,222,57,167,95,114,75,103,82,197,84,191,184,185,157,17,116,194,243,117,119,184,172,80,198,7,221,62,65,231,64,117,77,41,150,240,124,138,118,1,47,201,1,166,244,229,197,85,79,164,221,99,169,80,84,224,96,227,30,124,129,197,218,134,45,217,21,241,175,155,212,187,158,148,86,125,43,82,102,156,88,229,44,127,185,85,156,216,75,38,73,189,238,90,124,188,201,40,226,69,141,238,151,31,186,141,150,66,179,122,212,112,104,191,52,51,219,218,69,134,47,74,236,169,75,208,253,44,57,124,11,16,118,239,216,255,90,198,7,64,210,161,131,14,192,192,140,50,100,153,156,153,250,241,23,183,66,193,226,67,244,162,60,73,110,98,76,214,152,178,54,191,201,122,106,154,51,186,181,68,107,57,96,30,117,141,104,158,29,40,243,117,248,206,173,169,41,60,179,245,249,229,251,180,171,19,43,132,246,110,181,41,191,16,96,188,77,200,137,217,48,20,115,40,72,152,236,198,177,159,212,1739148222827,/dev/cu.usbmodem14201
93,21,232,91,222,195,186,27,72,175,223,91,60,225,139,98,50,186,215,112,32,97,90,26,156,16,168,14,236,78,155,203,6,107,158,117,10,220,114,27,190,219,123,187,68,88,61,102,152,142,40,180,114,175,151,65,165,204,144,215,200,170,156,148,81,65,32,117,17,222,12,190,219,101,138,59,20,164,122,179,45,150,118,57,133,69,65,48,93,128,43,85,99,180,190,79,40,222,91,213,23,50,146,173,56,140,106,174,99,136,222,81,189,32,12,56,135,107,184,129,99,5,151,223,249,248,112,249,187,27,157,203,207,198,68,214,187,22,209,152,10,248,58,30,94,157,151,10,74,113,70,145,114,47,12,87,117,48,6,244,158,91,6,133,185,49,100,65,152,79,159,72,45,29,95,241,74,29,147,131,95,234,105,243,49,125,249,177,195,180,209,170,207,156,197,33,27,47,63,207,166,163,98,168,244,138,174,129,90,237,230,212,115,240,245,101,222,150,26,37,11,124,237,133,241,115,61,117,101,185,15,126,155,72,89,150,212,6,18,104,232,158,238,11,251,18,16,122,118,221,1739148222828,/dev/cu.usbmodem14201
136,163,118,171,181,116,36,26,167,140,59,8,192,224,30,126,153,191,127,163,219,179,131,115,165,50,55,14,178,20,127,27,128,126,130,102,64,130,11,150,122,213,182,17,216,206,156,216,194,96,206,27,75,60,163,245,27,147,39,190,245,189,75,46,235,50,29,31,25,7,138,79,84,72,96,213,79,152,99,196,227,182,224,234,18,104,70,241,131,49,41,1,74,26,155,69,123,213,116,115,6,155,40,61,221,46,7,177,10,58,31,84,106,71,194,219,194,110,18,40,201,55,20,117,162,253,5,99,3,9,227,33,142,113,123,196,167,175,95,26,228,244,196,169,164,182,179,197,115,197,245,41,218,77,131,255,55,173,90,244,199,153,13,227,35,178,235,121,58,158,123,112,148,47,200,164,4,45,19,227,224,33,249,139,55,118,16,20,111,54,128,153,89,145,51,168,111,99,140,110,217,95,17,111,198,231,69,239,104,247,117,84,128,40,139,158,240,44,4,204,143,111,180,123,223,181,211,57,5,76,221,178,93,242,189,159,243,64,78,183,196,199,254,34,12,20,150,49,179,199,1739148222828,/dev/cu.usbmodem14201
88,134,219,158,44,135,8,155,194,3,215,158,116,144,93,150,132,177,116,183,47,197,121,250,17,41,178,139,5,35,134,85,71,194,210,54,254,45,183,186,53,230,30,99,71,77,170,28,222,131,238,17,32,158,211,194,85,3,103,205,51,246,31,34,44,3,203,114,53,136,185,2,75,75,114,206,12,41,155,19,214,166,157,8,28,143,212,232,244,224,159,23,240,78,19,203,84,224,123,215,254,209,168,66,254,112,180,25,185,232,197,47,52,180,230,102,28,220,93,45,43,86,151,77,227,0,84,121,7,30,198,151,243,220,202,176,178,76,216,41,107,54,199,219,241,241,243,41,67,179,162,119,11,146,72,142,104,220,206,74,247,157,58,117,219,197,81,221,141,208,186,173,217,148,247,38,255,173,5,22,19,228,95,92,250,148,135,0,202,70,100,244,42,231,28,160,84,248,235,112,54,236,92,9,193,104,54,221,92,235,240,248,132,64,7,76,125,219,16,199,207,116,254,6,136,193,241,152,20,229,212,153,205,153,198,219,75,232,128,11,45,164,95,46,243,175,244,64,52,124,1739148222829,/dev/cu.usbmodem14201
2,169,141,102,179,163,123,189,133,67,76,217,217,126,81,48,194,43,212,56,167,124,42,182,168,41,70,100,14,153,85,110,43,215,252,3,67,252,65,154,231,50,119,1,238,67,213,119,201,202,64,25,134,217,181,218,221,50,227,102,2,234,129,144,113,212,147,6,141,204,119,250,238,105,77,157,253,116,221,183,241,70,143,87,31,66,47,208,242,229,142,197,151,243,84,43,119,251,217,209,223,212,248,53,49,229,59,207,180,3,74,68,166,194,84,27,243,72,134,160,179,128,56,181,254,243,93,159,105,225,73,10,0,207,105,121,17,28,166,145,35,124,118,74,219,71,56,81,47,224,200,39,31,5,123,0,62,254,194,77,101,158,153,49,178,117,235,27,90,229,130,176,48,110,139,162,95,87,6,39,243,137,212,69,53,55,8,94,78,13,229,236,174,143,82,143,189,110,158,126,48,134,198,206,234,150,169,167,124,168,57,177,196,28,184,20,131,73,212,216,61,20,165,151,158,85,223,73,114,134,208,4,41,149,221,54,190,136,90,75,217,44,115,159,171,139,242,189,76,237,1739148222829,/dev/cu.usbmodem14201
24,86,233,48,191,102,247,57,83,194,23,158,137,160,227,222,217,79,113,219,48,223,111,67,48,70,12,95,193,61,82,196,38,157,144,237,199,119,149,33,94,141,63,180,97,163,74,21,145,135,119,145,64,167,169,67,130,91,42,60,105,70,186,188,149,182,191,127,66,173,24,47,238,141,218,94,120,95,89,63,61,220,246,128,88,217,164,99,16,133,91,22,248,79,173,23,83,66,144,232,38,114,88,58,236,228,92,186,201,131,173,20,191,158,173,75,36,197,147,141,14,192,180,150,17,244,178,115,97,250,196,215,234,252,209,126,162,2,49,214,124,1,56,254,196,118,4,64,201,72,205,95,153,139,129,143,199,105,99,28,3,150,112,98,163,71,157,154,229,160,50,18,130,251,177,80,212,187,187,43,230,89,90,44,32,194,15,105,30,83,13,65,231,138,31,88,164,181,186,39,129,112,142,81,124,178,88,196,167,180,36,195,224,119,202,156,68,237,94,58,17,87,151,171,174,200,97,108,129,72,28,124,75,120,96,246,252,230,46,236,202,242,213,167,65,62,111,197,127,223,1739148222830,/dev/cu.usbmodem14201
125,193,80,202,166,56,22,4,146,244,166,37,231,35,10,157,34,242,232,122,199,238,253,9,41,220,197,172,61,184,122,82,99,69,85,175,32,237,19,168,130,163,213,142,24,25,183,83,113,105,146,244,238,249,124,110,125,81,75,31,215,201,47,6,153,209,107,64,189,182,109,52,88,23,220,105,98,191,123,110,31,84,230,136,42,220,151,28,27,4,181,142,42,136,64,94,228,208,98,139,22,124,209,124,163,160,133,172,133,120,167,25,240,122,242,177,237,75,126,40,0,36,206,112,85,3,76,114,30,232,32,4,190,249,178,150,243,95,171,7,212,227,120,94,242,57,224,189,11,227,19,248,130,21,137,5,173,55,18,126,96,239,32,156,77,78,224,180,50,221,146,90,94,110,173,66,252,113,29,208,249,127,202,243,183,123,12,167,37,216,0,130,4,116,148,166,86,193,117,24,196,116,149,62,27,222,11,71,17,143,16,27,49,36,190,53,224,102,102,88,104,226,9,54,166,110,193,236,157,148,113,48,204,241,245,99,8,212,73,118,84,57,161,65,72,144,23,202,229,48,1739148222830,QBYTE | hepcidin
134,56,193,173,195,103,136,236,28,130,229,2,250,20,172,59,51,182,236,74,9,118,159,34,158,179,131,207,172,255,41,43,93,102,83,164,154,57,242,109,81,115,158,129,85,211,99,207,167,115,206,176,1,183,34,91,124,246,221,82,119,184,215,30,251,15,37,8,11,101,245,105,36,191,48,55,22,117,173,129,51,233,88,25,241,172,80,77,28,162,23,46,82,243,128,158,69,15,180,210,149,208,134,30,171,120,100,247,165,246,206,50,24,126,193,129,179,70,214,130,179,115,189,111,74,251,37,81,32,52,124,4,237,236,164,77,3,116,224,108,133,153,28,121,9,253,35,221,239,232,34,156,79,79,186,91,73,103,42,113,112,230,50,162,185,128,49,33,119,150,60,121,18,242,94,129,107,18,63,11,18,182,51,191,126,255,9,159,226,33,78,46,116,105,152,229,245,193,151,128,66,69,246,117,182,73,212,205,115,24,164,56,114,148,9,242,93,75,0,117,178,109,83,132,15,0,77,139,95,29,83,46,110,140,199,24,233,6,196,216,85,237,19,145,189,109,79,189,35,120,1739148223899,/dev/cu.usbmodem14201
134,194,116,53,109,37,98,222,40,190,147,233,11,245,247,117,255,59,166,16,188,116,150,252,109,104,180,92,153,78,42,146,95,9,44,226,49,115,92,61,145,44,239,121,158,55,31,242,60,219,220,94,190,60,233,234,12,194,122,234,82,161,177,50,77,234,59,241,247,85,22,55,170,151,0,125,116,50,213,48,88,40,139,134,198,218,243,221,153,179,230,160,114,100,116,163,111,40,97,73,39,26,141,234,196,12,239,78,179,244,97,214,212,21,87,233,194,11,33,57,96,6,77,24,82,108,191,240,50,209,248,174,208,238,199,120,24,124,241,119,46,8,81,26,121,196,249,119,217,97,212,85,241,18,209,189,58,80,52,42,180,217,208,133,217,114,99,192,80,121,106,132,252,34,122,51,90,45,118,61,29,21,70,162,64,69,55,23,106,238,176,228,161,162,20,196,81,77,73,91,14,40,98,86,113,98,209,132,249,121,35,188,39,77,251,93,11,229,190,83,11,90,160,201,110,148,178,199,240,107,233,123,141,166,84,203,74,15,82,35,70,22,100,88,242,183,253,162,9,56,1739148223899,/dev/cu.usbmodem14201
179,169,122,68,72,162,142,50,134,109,55,210,182,202,212,21,193,128,111,106,33,241,53,15,217,65,140,9,223,29,130,172,229,192,73,201,142,86,237,115,29,207,92,180,230,47,135,121,129,119,178,42,66,87,21,186,253,135,29,21,182,167,203,29,227,224,228,163,137,151,230,25,109,97,23,175,15,142,186,88,222,229,160,46,132,27,150,41,250,252,247,48,121,15,91,194,242,104,153,154,31,245,99,198,51,117,54,113,119,1,240,52,153,99,93,196,225,51,60,50,99,227,177,135,102,68,234,69,45,65,157,194,10,32,37,168,215,127,113,247,42,136,41,146,43,32,97,107,40,248,186,160,163,54,49,161,191,56,3,88,169,230,221,114,49,223,173,237,232,99,238,135,172,153,221,216,131,160,218,43,110,219,60,114,153,142,217,129,72,12,221,208,200,51,204,119,241,55,149,175,166,251,57,182,29,106,171,23,128,229,50,237,226,126,160,86,181,11,89,120,90,152,62,39,22,160,139,137,78,229,99,96,66,208,206,229,145,136,186,140,128,84,76,56,245,7,87,214,43,132,1739148223900,/dev/cu.usbmodem14201
200,185,142,243,36,170,45,113,28,167,194,183,44,244,82,125,172,107,179,89,0,98,65,165,157,14,123,217,54,197,175,142,184,22,134,91,101,230,195,172,39,169,211,210,44,220,36,23,1,159,76,246,55,199,57,55,70,171,178,17,69,193,133,148,216,200,148,80,128,148,155,98,90,169,36,15,214,135,206,231,244,222,153,161,11,46,40,254,96,88,78,227,38,222,166,170,32,73,18,177,23,92,183,226,183,56,12,111,109,161,254,48,73,162,41,64,39,199,93,8,51,160,34,175,154,12,12,201,30,101,33,79,183,175,66,194,124,211,128,9,247,26,124,175,46,219,45,123,43,193,144,158,213,189,136,207,68,30,36,116,101,242,247,76,133,134,153,39,185,131,226,87,167,140,106,155,128,20,75,196,71,110,200,150,191,43,50,29,163,93,47,248,144,252,116,21,228,119,88,79,29,224,163,99,117,65,189,237,167,166,206,13,214,74,198,100,201,179,45,189,145,126,14,156,132,79,85,155,230,75,144,52,79,46,3,81,199,61,108,249,204,97,177,194,155,228,1,176,189,16,1739148223900,/dev/cu.usbmodem14201
95,223,27,145,242,177,68,242,240,66,117,174,156,141,35,253,101,111,206,142,4,175,249,179,201,196,70,165,244,83,91,75,144,7,239,28,26,22,168,235,130,32,2,195,99,2,114,0,55,33,27,234,44,156,15,72,238,93,1,66,217,53,172,248,6,224,136,213,28,109,220,150,154,142,63,9,188,57,88,17,9,212,175,56,127,81,241,235,4,68,144,7,52,175,95,239,197,114,158,138,247,32,45,29,114,139,31,0,54,230,164,55,83,216,126,136,237,70,90,72,72,105,190,46,14,4,221,63,32,97,50,109,134,95,207,201,167,253,62,152,106,13,194,105,29,128,160,146,18,168,153,197,25,104,235,202,241,169,83,255,194,113,252,33,63,182,225,34,106,65,91,82,202,43,210,177,4,212,167,63,91,163,124,46,50,202,226,19,58,255,69,76,252,55,236,117,107,159,217,190,28,118,184,6,250,100,46,74,175,132,113,191,157,176,90,178,105,206,93,151,33,27,8,6,253,56,190,239,232,32,108,25,81,126,57,113,67,99,10,104,165,47,31,49,77,214,176,101,28,143,1739148223901,/dev/cu.usbmodem14201
77,254,242,195,139,160,147,0,125,160,172,219,25,211,79,50,62,89,237,254,133,131,232,225,52,77,93,33,34,105,140,173,216,27,238,170,97,160,187,178,80,14,111,194,129,209,131,118,230,239,226,154,255,195,176,183,186,66,67,208,127,50,242,32,7,49,148,9,78,38,101,85,18,232,15,192,116,15,102,158,148,45,159,152,167,115,115,205,177,104,50,166,221,217,227,75,28,207,168,79,156,120,152,18,174,144,103,99,216,85,188,38,255,131,100,210,175,158,185,169,185,152,163,43,36,29,151,155,73,186,82,197,171,13,1,78,106,186,232,102,39,172,61,21,89,74,162,89,118,5,245,4,212,186,86,73,19,190,19,10,144,145,223,236,136,230,221,119,36,153,147,129,128,130,25,151,170,181,163,94,242,12,176,230,113,122,127,245,141,18,216,109,147,34,220,252,180,234,125,85,212,213,159,67,238,44,167,130,127,70,95,170,12,216,98,88,185,241,55,181,227,32,213,240,136,141,242,42,48,197,80,74,72,230,174,3,220,234,62,153,255,0,226,40,104,110,59,198,64,69,1739148223901,/dev/cu.usbmodem14201
153,87,208,160,52,191,178,32,116,151,140,9,94,29,48,252,23,129,114,247,67,197,83,247,244,114,132,11,43,161,236,0,39,220,180,17,156,23,99,64,188,52,110,156,198,237,129,63,77,157,181,45,7,126,63,100,249,172,199,224,67,245,74,123,227,243,96,73,123,145,86,27,149,158,113,16,165,201,213,206,237,191,122,86,190,234,213,121,180,45,150,101,69,51,104,28,102,224,160,189,52,200,163,245,106,1,217,69,251,17,109,169,233,93,53,47,48,46,12,138,246,173,32,97,227,221,181,116,148,109,24,20,144,244,248,126,37,50,207,5,63,126,68,34,83,201,84,97,8,2,138,211,8,111,162,201,28,131,16,155,26,8,46,128,158,126,252,93,78,201,88,77,218,255,188,12,83,166,179,103,98,253,33,141,14,96,24,148,169,235,76,142,255,67,117,28,179,196,9,7,251,96,182,125,223,128,162,15,101,83,155,239,177,157,151,29,110,214,236,155,199,234,56,69,21,112,198,83,196,39,128,35,237,20,82,93,51,184,177,17,157,78,5,85,66,171,131,65,248,242,1739148223902,/dev/cu.usbmodem14201
157,205,44,253,27,208,117,72,225,33,239,39,190,206,189,217,166,205,132,6,156,145,253,34,43,140,8,253,144,141,41,201,22,218,185,138,53,204,182,83,58,202,206,203,134,80,82,32,207,20,29,186,132,101,137,210,216,148,194,151,28,42,53,123,178,211,97,81,95,208,71,222,97,82,34,232,163,34,17,159,74,127,38,207,169,142,217,224,222,25,91,193,141,142,159,145,88,248,39,176,69,121,101,4,116,200,183,128,97,131,30,75,195,156,146,205,196,208,167,107,18,180,146,90,183,13,64,101,105,176,198,16,187,216,139,129,117,13,42,97,115,56,158,228,61,192,200,189,54,188,39,205,31,136,250,74,5,247,244,46,236,82,246,188,34,201,188,3,64,75,127,151,239,122,142,138,224,64,95,93,114,165,93,66,127,171,25,86,153,112,132,190,65,242,249,208,121,35,217,248,232,197,160,104,34,230,160,238,176,186,108,243,214,156,235,213,91,109,210,195,81,214,223,230,192,155,230,34,178,99,129,76,196,132,94,186,74,104,177,182,94,59,98,99,172,55,78,119,236,144,1739148223902,/dev/cu.usbmodem14201
109,81,84,32,148,52,89,235,182,162,57,213,14,82,60,204,75,28,67,232,202,233,194,243,149,227,87,49,177,127,60,180,38,163,188,249,146,151,70,197,174,233,51,200,163,121,253,58,72,7,189,213,154,95,238,117,190,63,79,89,47,167,9,125,221,60,115,206,131,57,54,35,197,74,96,219,117,147,246,208,123,195,134,41,119,5,147,248,192,173,39,88,94,141,66,124,31,163,239,120,160,138,172,46,41,235,167,1,120,131,202,19,154,48,95,84,1,159,222,129,150,222,204,97,154,22,195,152,181,199,134,139,134,243,185,39,45,220,211,127,119,228,61,228,95,1,8,173,111,163,29,40,18,227,55,136,115,114,157,55,172,145,51,232,223,76,26,32,54,85,181,36,154,233,106,81,47,12,48,130,159,225,49,254,42,100,73,48,228,232,89,243,92,160,136,6,164,94,103,47,44,112,63,166,70,46,152,154,168,9,162,109,151,132,208,191,207,146,158,153,38,214,249,163,83,37,77,234,169,121,116,61,222,220,197,242,19,229,116,216,198,148,16,28,234,29,162,236,244,124,1739148223903,QBYTE | smeeding
212,83,3,197,239,108,250,39,159,159,229,153,36,236,156,179,138,52,144,243,41,1,124,49,188,183,3,9,64,11,235,203,113,160,221,34,143,208,80,210,88,217,99,54,143,250,1,0,98,18,100,72,167,4,27,20,87,218,122,253,215,136,158,58,119,239,134,184,201,236,206,67,155,247,98,49,79,144,98,58,139,180,71,14,140,227,183,139,32,19,134,184,48,78,88,107,255,201,83,247,81,47,28,219,75,100,225,59,113,132,166,112,40,168,143,208,203,123,171,181,7,122,138,23,9,172,215,211,95,136,131,195,72,213,214,170,0,64,146,190,169,178,246,244,119,122,111,238,232,236,38,24,96,212,244,158,50,25,188,73,194,50,95,219,117,51,115,163,193,250,133,0,117,63,116,93,35,201,106,170,182,252,225,198,7,33,58,230,84,54,75,187,4,111,185,120,104,224,103,7,35,8,244,240,77,59,147,127,218,58,73,254,124,15,14,167,57,244,152,242,148,146,157,76,233,100,133,216,233,1,70,170,48,243,57,19,152,101,184,1,171,191,226,223,75,77,17,96,180,137,1739148224967,/dev/cu.usbmodem14201
127,228,248,1,107,175,99,105,15,92,149,33,234,227,10,226,47,30,146,168,31,130,81,194,229,154,229,83,168,16,221,159,212,188,58,228,221,101,49,155,112,202,11,109,198,127,7,174,113,55,35,217,188,119,245,173,204,176,149,136,81,207,129,85,30,60,82,225,169,84,242,130,176,252,85,94,241,160,183,241,183,29,97,23,136,141,177,190,170,145,105,107,0,165,143,67,155,64,54,42,177,25,82,79,138,61,15,134,20,58,254,196,254,192,66,131,193,239,66,30,93,195,21,94,101,223,202,235,119,127,214,143,186,217,237,167,56,221,67,192,118,28,229,153,45,204,141,32,99,218,45,96,199,34,35,150,100,34,2,52,147,59,174,180,131,64,211,249,61,44,207,69,179,253,174,45,58,191,99,203,119,5,211,245,35,209,10,156,54,131,61,106,209,237,25,12,136,127,46,69,127,117,65,34,196,235,180,213,41,96,104,33,243,146,156,134,97,65,2,211,41,2,164,80,214,197,221,108,101,242,133,57,172,126,159,12,48,29,40,3,218,172,131,154,147,169,157,123,192,7,1739148224967,/dev/cu.usbmodem14201
103,131,49,28,49,68,50,39,33,45,188,71,176,3,1,63,41,141,215,48,231,30,60,54,47,215,160,100,61,15,117,13,55,220,240,235,123,175,77,232,45,139,230,123,217,226,253,251,55,119,140,19,197,38,175,115,159,10,163,82,85,148,77,93,100,119,21,142,1,213,127,233,250,224,153,63,165,6,225,147,82,196,182,62,69,11,169,32,210,187,49,239,88,76,124,94,249,139,9,168,234,128,249,222,63,113,236,107,177,79,32,71,127,150,142,133,209,227,85,202,74,41,103,30,190,2,91,158,20,59,173,152,16,213,48,177,156,73,116,217,93,164,35,103,209,143,187,22,18,60,13,193,18,71,246,169,87,85,35,166,45,193,84,112,127,208,133,255,203,26,57,91,156,39,89,152,210,29,37,231,126,250,51,144,47,209,79,70,250,111,26,161,207,23,87,234,232,186,15,189,97,100,88,136,113,79,97,1,140,85,117,70,171,213,187,69,156,57,249,150,176,219,48,212,41,104,214,213,33,145,100,252,253,228,41,195,12,117,192,50,173,215,202,89,121,40,175,67,68,90,1739148224968,/dev/cu.usbmodem14201
212,237,118,162,98,184,161,246,134,8,56,208,64,108,50,243,29,180,15,233,208,146,212,171,239,170,136,94,60,58,20,135,87,116,33,223,58,222,229,150,58,97,243,198,227,154,96,242,184,170,38,7,38,91,154,114,83,222,233,129,54,246,63,115,81,246,198,243,66,109,213,118,59,119,36,223,150,58,102,53,161,63,209,194,183,4,140,252,123,231,109,226,122,208,243,61,149,17,68,40,143,47,161,71,151,24,188,35,178,5,4,155,86,143,88,249,209,81,65,43,103,125,141,165,167,253,86,156,68,202,229,157,78,96,221,111,204,30,92,65,138,3,164,203,144,69,3,215,162,177,36,214,31,24,124,163,182,109,188,216,120,144,225,3,138,142,99,23,129,98,52,211,38,95,91,180,254,155,149,113,61,71,235,253,13,167,170,154,246,60,169,133,51,252,136,90,224,123,32,183,138,152,12,70,62,195,4,183,26,189,146,120,46,69,25,39,235,193,2,204,160,150,148,199,95,48,213,236,245,254,154,76,176,115,181,24,216,0,73,181,71,101,156,145,118,45,88,250,48,131,1739148224968,/dev/cu.usbmodem14201
191,249,127,250,237,16,133,221,121,255,235,214,33,83,123,121,143,102,63,34,199,187,134,172,180,185,67,23,153,213,143,29,130,225,101,14,56,84,64,188,143,150,249,149,198,66,146,96,183,140,179,68,185,141,144,189,235,121,255,117,179,137,89,84,79,240,149,13,186,203,56,109,153,41,38,230,62,56,62,241,46,62,44,25,115,116,0,11,164,61,117,242,117,212,100,184,132,112,218,53,142,21,35,53,159,201,105,28,86,117,208,177,22,155,94,34,9,42,196,176,250,254,168,62,128,81,75,1,247,41,177,47,53,150,33,34,117,165,101,103,70,223,235,48,58,115,131,20,123,75,19,119,191,252,249,39,1,79,203,28,105,234,109,243,129,13,215,214,110,67,30,61,139,132,137,132,8,18,56,69,70,88,204,130,120,193,66,69,162,2,56,72,72,166,194,250,132,83,108,47,95,228,110,19,216,143,203,242,222,122,165,97,123,145,157,15,232,61,193,178,164,130,51,101,9,232,104,178,250,16,60,73,36,252,238,229,181,240,181,86,18,185,238,244,138,216,108,201,163,39,1739148224969,/dev/cu.usbmodem14201
65,159,24,3,48,185,237,231,98,198,35,37,83,168,134,93,175,112,95,185,49,31,51,160,233,121,5,41,130,232,200,139,100,111,203,177,230,148,32,86,50,204,173,130,83,60,69,232,30,147,162,75,32,240,70,247,253,221,155,149,101,206,69,32,198,164,92,75,55,68,84,237,133,115,42,73,208,177,225,158,186,36,8,153,165,157,168,188,90,182,238,233,81,143,84,79,116,77,223,89,27,217,249,41,193,99,22,123,59,213,58,252,148,7,200,175,93,149,17,154,56,229,47,234,132,188,234,58,161,233,27,61,170,221,201,196,52,41,159,205,71,41,102,8,218,122,207,123,55,3,123,95,0,196,247,120,184,206,251,248,222,175,142,96,106,50,130,238,95,86,204,26,211,97,199,195,54,28,109,240,128,58,117,16,251,107,120,234,231,225,175,106,193,203,137,31,10,199,122,175,129,127,219,188,84,5,97,162,175,25,124,5,45,151,72,26,85,235,73,157,117,121,209,135,140,105,98,24,86,173,250,253,175,99,251,150,181,14,241,67,54,24,230,177,61,162,178,189,102,81,1739148224969,/dev/cu.usbmodem14201
96,125,129,146,84,37,72,180,104,92,240,159,223,209,16,58,110,84,14,210,217,125,238,36,105,255,202,217,79,118,223,236,140,163,99,86,112,77,118,181,151,229,20,49,23,238,197,108,63,31,183,252,157,208,11,209,15,59,255,202,57,2,46,33,64,43,231,116,129,86,88,115,125,173,215,156,128,198,134,162,40,138,228,130,127,21,124,248,119,161,211,245,203,130,188,40,238,82,131,140,23,24,106,21,159,39,196,145,129,157,213,243,69,73,128,187,234,139,41,56,206,136,6,79,52,75,128,17,134,87,248,162,204,177,226,168,164,119,124,245,6,234,109,27,140,23,245,180,94,102,106,166,164,195,224,32,174,176,213,101,180,73,138,194,233,205,153,65,89,170,247,156,26,177,229,56,36,201,193,71,223,236,59,143,82,232,83,68,222,162,12,162,208,141,164,199,192,153,33,26,80,234,49,90,79,241,246,104,17,12,159,152,176,190,111,117,7,225,112,230,249,243,97,247,178,182,152,180,138,216,61,126,226,58,223,88,184,193,50,89,132,28,83,27,31,21,250,244,233,104,1739148224970,/dev/cu.usbmodem14201
227,44,216,245,12,227,25,150,37,219,104,62,138,63,169,4,37,227,135,26,4,169,207,147,49,158,24,109,123,29,212,53,161,144,124,67,65,147,24,21,139,160,223,17,56,166,117,200,239,158,45,27,242,31,113,210,51,226,237,254,199,173,71,138,49,71,13,15,176,233,224,142,156,199,141,9,54,76,143,154,92,220,86,143,201,99,60,132,48,184,54,11,159,72,17,145,46,194,58,24,106,59,172,204,118,232,49,207,133,39,218,23,76,153,179,57,125,89,184,151,139,15,240,186,194,31,211,120,248,55,128,223,88,152,131,156,179,242,198,241,75,249,236,42,75,176,17,219,247,131,186,255,159,144,49,68,27,175,148,125,243,232,67,99,252,44,39,38,41,102,2,143,176,78,205,25,105,0,68,218,151,218,70,79,20,120,231,207,244,45,226,139,125,145,246,148,185,50,76,241,87,76,231,65,16,72,38,72,241,202,119,154,142,190,250,193,43,26,241,123,80,206,251,253,98,211,216,216,96,55,67,53,123,254,146,142,80,113,187,241,34,157,36,162,146,10,171,193,221,44,1739148224970,/dev/cu.usbmodem14201
101,238,130,228,82,80,51,135,97,88,164,125,25,117,225,135,250,178,51,209,42,127,81,213,156,241,90,234,198,120,27,145,14,9,135,88,252,218,199,125,158,230,226,209,201,203,252,139,229,102,102,109,14,188,119,241,125,195,211,114,205,205,24,158,164,106,36,25,159,48,66,35,23,172,220,181,213,15,132,58,47,30,215,104,150,254,203,34,154,76,205,59,98,230,197,5,56,190,148,165,109,118,10,200,222,85,52,204,15,238,153,193,116,61,190,32,201,75,185,207,240,113,4,211,135,53,226,104,80,166,207,38,167,219,95,1,62,195,185,72,68,236,152,200,60,210,242,15,222,22,154,30,46,194,130,57,187,157,80,255,244,188,110,46,253,243,173,237,247,119,96,249,142,160,190,58,70,55,105,223,12,16,46,12,195,188,91,130,1,138,188,254,13,24,102,114,31,97,29,35,110,188,130,168,21,111,56,108,244,23,247,135,98,11,112,226,190,96,104,201,213,27,229,231,28,29,17,75,30,206,133,220,195,65,98,97,148,67,212,56,25,129,72,113,237,132,244,227,241,101,1739148224971,QBYTE | 